Chromosome	Length	Total Variants	VarPerKb	SNP	INDEL	Ts	Tv	Ts/Tv
scaffold_1	1226228	32	0.03	0	16	0	0	0
scaffold_10	803172	14	0.02	0	7	0	0	0
scaffold_100	83031	14	0.17	0	7	0	0	0
scaffold_1000	1949	0	0.00	0	0	0	0	0
scaffold_1001	1949	0	0.00	0	0	0	0	0
scaffold_1002	1949	0	0.00	0	0	0	0	0
scaffold_1003	1948	0	0.00	0	0	0	0	0
scaffold_1004	1947	0	0.00	0	0	0	0	0
scaffold_1005	1947	0	0.00	0	0	0	0	0
scaffold_1006	1946	0	0.00	0	0	0	0	0
scaffold_1007	1946	0	0.00	0	0	0	0	0
scaffold_1008	1944	0	0.00	0	0	0	0	0
scaffold_1009	1944	0	0.00	0	0	0	0	0
scaffold_101	82604	16	0.19	0	8	0	0	0
scaffold_1010	1941	0	0.00	0	0	0	0	0
scaffold_1011	1940	4	2.06	0	2	0	0	0
scaffold_1012	1939	0	0.00	0	0	0	0	0
scaffold_1013	1939	0	0.00	0	0	0	0	0
scaffold_1014	1938	0	0.00	0	0	0	0	0
scaffold_1015	1938	2	1.03	0	1	0	0	0
scaffold_1016	1937	4	2.07	0	2	0	0	0
scaffold_1017	1936	0	0.00	0	0	0	0	0
scaffold_1018	1934	0	0.00	0	0	0	0	0
scaffold_1019	1933	0	0.00	0	0	0	0	0
scaffold_102	82181	28	0.34	0	14	0	0	0
scaffold_1020	1932	0	0.00	0	0	0	0	0
scaffold_1021	1932	0	0.00	0	0	0	0	0
scaffold_1022	1929	0	0.00	0	0	0	0	0
scaffold_1023	1925	0	0.00	0	0	0	0	0
scaffold_1024	1923	0	0.00	0	0	0	0	0
scaffold_1025	1923	0	0.00	0	0	0	0	0
scaffold_1026	1922	0	0.00	0	0	0	0	0
scaffold_1027	1917	0	0.00	0	0	0	0	0
scaffold_1028	1915	0	0.00	0	0	0	0	0
scaffold_1029	1915	0	0.00	0	0	0	0	0
scaffold_103	80482	12	0.15	0	6	0	0	0
scaffold_1030	1915	0	0.00	0	0	0	0	0
scaffold_1031	1915	0	0.00	0	0	0	0	0
scaffold_1032	1914	0	0.00	0	0	0	0	0
scaffold_1033	1914	0	0.00	0	0	0	0	0
scaffold_1034	1912	0	0.00	0	0	0	0	0
scaffold_1035	1908	0	0.00	0	0	0	0	0
scaffold_1036	1908	0	0.00	0	0	0	0	0
scaffold_1037	1908	0	0.00	0	0	0	0	0
scaffold_1038	1903	0	0.00	0	0	0	0	0
scaffold_1039	1903	0	0.00	0	0	0	0	0
scaffold_104	76204	8	0.10	0	4	0	0	0
scaffold_1040	1901	0	0.00	0	0	0	0	0
scaffold_1041	1901	0	0.00	0	0	0	0	0
scaffold_1042	1899	0	0.00	0	0	0	0	0
scaffold_1043	1899	0	0.00	0	0	0	0	0
scaffold_1044	1898	0	0.00	0	0	0	0	0
scaffold_1045	1897	0	0.00	0	0	0	0	0
scaffold_1046	1896	0	0.00	0	0	0	0	0
scaffold_1047	1896	0	0.00	0	0	0	0	0
scaffold_1048	1895	0	0.00	0	0	0	0	0
scaffold_1049	1893	0	0.00	0	0	0	0	0
scaffold_105	76111	6	0.08	0	3	0	0	0
scaffold_1050	1892	0	0.00	0	0	0	0	0
scaffold_1051	1891	0	0.00	0	0	0	0	0
scaffold_1052	1890	0	0.00	0	0	0	0	0
scaffold_1053	1890	0	0.00	0	0	0	0	0
scaffold_1054	1889	0	0.00	0	0	0	0	0
scaffold_1055	1888	0	0.00	0	0	0	0	0
scaffold_1056	1886	0	0.00	0	0	0	0	0
scaffold_1057	1883	0	0.00	0	0	0	0	0
scaffold_1058	1882	0	0.00	0	0	0	0	0
scaffold_1059	1877	0	0.00	0	0	0	0	0
scaffold_106	76008	10	0.13	0	5	0	0	0
scaffold_1060	1876	0	0.00	0	0	0	0	0
scaffold_1061	1875	0	0.00	0	0	0	0	0
scaffold_1062	1874	0	0.00	0	0	0	0	0
scaffold_1063	1873	0	0.00	0	0	0	0	0
scaffold_1064	1872	0	0.00	0	0	0	0	0
scaffold_1065	1872	0	0.00	0	0	0	0	0
scaffold_1066	1871	0	0.00	0	0	0	0	0
scaffold_1067	1870	0	0.00	0	0	0	0	0
scaffold_1068	1870	0	0.00	0	0	0	0	0
scaffold_1069	1869	0	0.00	0	0	0	0	0
scaffold_107	75449	2	0.03	0	1	0	0	0
scaffold_1070	1869	0	0.00	0	0	0	0	0
scaffold_1071	1868	0	0.00	0	0	0	0	0
scaffold_1072	1867	0	0.00	0	0	0	0	0
scaffold_1073	1865	0	0.00	0	0	0	0	0
scaffold_1074	1865	0	0.00	0	0	0	0	0
scaffold_1075	1865	0	0.00	0	0	0	0	0
scaffold_1076	1863	0	0.00	0	0	0	0	0
scaffold_1077	1863	0	0.00	0	0	0	0	0
scaffold_1078	1861	0	0.00	0	0	0	0	0
scaffold_1079	1861	0	0.00	0	0	0	0	0
scaffold_108	75445	6	0.08	0	3	0	0	0
scaffold_1080	1861	0	0.00	0	0	0	0	0
scaffold_1081	1861	0	0.00	0	0	0	0	0
scaffold_1082	1860	0	0.00	0	0	0	0	0
scaffold_1083	1860	0	0.00	0	0	0	0	0
scaffold_1084	1860	0	0.00	0	0	0	0	0
scaffold_1085	1859	0	0.00	0	0	0	0	0
scaffold_1086	1858	0	0.00	0	0	0	0	0
scaffold_1087	1858	0	0.00	0	0	0	0	0
scaffold_1088	1858	0	0.00	0	0	0	0	0
scaffold_1089	1857	0	0.00	0	0	0	0	0
scaffold_109	73874	12	0.16	0	6	0	0	0
scaffold_1090	1856	0	0.00	0	0	0	0	0
scaffold_1091	1856	0	0.00	0	0	0	0	0
scaffold_1092	1855	0	0.00	0	0	0	0	0
scaffold_1093	1854	0	0.00	0	0	0	0	0
scaffold_1094	1853	0	0.00	0	0	0	0	0
scaffold_1095	1852	0	0.00	0	0	0	0	0
scaffold_1096	1852	0	0.00	0	0	0	0	0
scaffold_1097	1850	0	0.00	0	0	0	0	0
scaffold_1098	1850	0	0.00	0	0	0	0	0
scaffold_1099	1849	0	0.00	0	0	0	0	0
scaffold_11	759303	28	0.04	0	14	0	0	0
scaffold_110	73369	6	0.08	0	3	0	0	0
scaffold_1100	1849	0	0.00	0	0	0	0	0
scaffold_1101	1849	0	0.00	0	0	0	0	0
scaffold_1102	1847	0	0.00	0	0	0	0	0
scaffold_1103	1846	0	0.00	0	0	0	0	0
scaffold_1104	1845	0	0.00	0	0	0	0	0
scaffold_1105	1844	0	0.00	0	0	0	0	0
scaffold_1106	1843	0	0.00	0	0	0	0	0
scaffold_1107	1842	0	0.00	0	0	0	0	0
scaffold_1108	1840	0	0.00	0	0	0	0	0
scaffold_1109	1840	0	0.00	0	0	0	0	0
scaffold_111	72235	2	0.03	0	1	0	0	0
scaffold_1110	1839	0	0.00	0	0	0	0	0
scaffold_1111	1838	0	0.00	0	0	0	0	0
scaffold_1112	1838	0	0.00	0	0	0	0	0
scaffold_1113	1837	0	0.00	0	0	0	0	0
scaffold_1114	1836	0	0.00	0	0	0	0	0
scaffold_1115	1834	0	0.00	0	0	0	0	0
scaffold_1116	1834	0	0.00	0	0	0	0	0
scaffold_1117	1833	0	0.00	0	0	0	0	0
scaffold_1118	1832	0	0.00	0	0	0	0	0
scaffold_1119	1830	0	0.00	0	0	0	0	0
scaffold_112	72045	10	0.14	0	5	0	0	0
scaffold_1120	1830	0	0.00	0	0	0	0	0
scaffold_1121	1828	0	0.00	0	0	0	0	0
scaffold_1122	1828	0	0.00	0	0	0	0	0
scaffold_1123	1827	0	0.00	0	0	0	0	0
scaffold_1124	1826	0	0.00	0	0	0	0	0
scaffold_1125	1826	0	0.00	0	0	0	0	0
scaffold_1126	1826	0	0.00	0	0	0	0	0
scaffold_1127	1819	0	0.00	0	0	0	0	0
scaffold_1128	1819	0	0.00	0	0	0	0	0
scaffold_1129	1818	0	0.00	0	0	0	0	0
scaffold_113	71092	6	0.08	0	3	0	0	0
scaffold_1130	1818	0	0.00	0	0	0	0	0
scaffold_1131	1816	0	0.00	0	0	0	0	0
scaffold_1132	1816	0	0.00	0	0	0	0	0
scaffold_1133	1813	0	0.00	0	0	0	0	0
scaffold_1134	1812	0	0.00	0	0	0	0	0
scaffold_1135	1811	0	0.00	0	0	0	0	0
scaffold_1136	1810	0	0.00	0	0	0	0	0
scaffold_1137	1809	0	0.00	0	0	0	0	0
scaffold_1138	1809	0	0.00	0	0	0	0	0
scaffold_1139	1809	0	0.00	0	0	0	0	0
scaffold_114	70956	2	0.03	0	1	0	0	0
scaffold_1140	1808	0	0.00	0	0	0	0	0
scaffold_1141	1805	0	0.00	0	0	0	0	0
scaffold_1142	1804	0	0.00	0	0	0	0	0
scaffold_1143	1804	0	0.00	0	0	0	0	0
scaffold_1144	1803	0	0.00	0	0	0	0	0
scaffold_1145	1802	0	0.00	0	0	0	0	0
scaffold_1146	1801	0	0.00	0	0	0	0	0
scaffold_1147	1801	0	0.00	0	0	0	0	0
scaffold_1148	1799	0	0.00	0	0	0	0	0
scaffold_1149	1798	0	0.00	0	0	0	0	0
scaffold_115	70417	6	0.09	0	3	0	0	0
scaffold_1150	1798	0	0.00	0	0	0	0	0
scaffold_1151	1796	0	0.00	0	0	0	0	0
scaffold_1152	1795	0	0.00	0	0	0	0	0
scaffold_1153	1794	0	0.00	0	0	0	0	0
scaffold_1154	1792	0	0.00	0	0	0	0	0
scaffold_1155	1792	0	0.00	0	0	0	0	0
scaffold_1156	1790	0	0.00	0	0	0	0	0
scaffold_1157	1790	0	0.00	0	0	0	0	0
scaffold_1158	1790	0	0.00	0	0	0	0	0
scaffold_1159	1789	0	0.00	0	0	0	0	0
scaffold_116	70359	8	0.11	0	4	0	0	0
scaffold_1160	1788	0	0.00	0	0	0	0	0
scaffold_1161	1788	0	0.00	0	0	0	0	0
scaffold_1162	1786	0	0.00	0	0	0	0	0
scaffold_1163	1786	0	0.00	0	0	0	0	0
scaffold_1164	1786	0	0.00	0	0	0	0	0
scaffold_1165	1785	0	0.00	0	0	0	0	0
scaffold_1166	1784	0	0.00	0	0	0	0	0
scaffold_1167	1783	0	0.00	0	0	0	0	0
scaffold_1168	1783	0	0.00	0	0	0	0	0
scaffold_1169	1782	0	0.00	0	0	0	0	0
scaffold_117	70190	2	0.03	0	1	0	0	0
scaffold_1170	1782	0	0.00	0	0	0	0	0
scaffold_1171	1779	0	0.00	0	0	0	0	0
scaffold_1172	1779	0	0.00	0	0	0	0	0
scaffold_1173	1779	0	0.00	0	0	0	0	0
scaffold_1174	1779	0	0.00	0	0	0	0	0
scaffold_1175	1778	0	0.00	0	0	0	0	0
scaffold_1176	1778	0	0.00	0	0	0	0	0
scaffold_1177	1777	0	0.00	0	0	0	0	0
scaffold_1178	1777	0	0.00	0	0	0	0	0
scaffold_1179	1775	0	0.00	0	0	0	0	0
scaffold_118	69654	10	0.14	0	5	0	0	0
scaffold_1180	1775	0	0.00	0	0	0	0	0
scaffold_1181	1775	0	0.00	0	0	0	0	0
scaffold_1182	1775	0	0.00	0	0	0	0	0
scaffold_1183	1773	0	0.00	0	0	0	0	0
scaffold_1184	1772	0	0.00	0	0	0	0	0
scaffold_1185	1771	0	0.00	0	0	0	0	0
scaffold_1186	1771	0	0.00	0	0	0	0	0
scaffold_1187	1771	0	0.00	0	0	0	0	0
scaffold_1188	1769	0	0.00	0	0	0	0	0
scaffold_1189	1769	0	0.00	0	0	0	0	0
scaffold_119	69572	8	0.11	0	4	0	0	0
scaffold_1190	1769	0	0.00	0	0	0	0	0
scaffold_1191	1768	0	0.00	0	0	0	0	0
scaffold_1192	1763	0	0.00	0	0	0	0	0
scaffold_1193	1762	0	0.00	0	0	0	0	0
scaffold_1194	1761	0	0.00	0	0	0	0	0
scaffold_1195	1761	0	0.00	0	0	0	0	0
scaffold_1196	1760	0	0.00	0	0	0	0	0
scaffold_1197	1760	0	0.00	0	0	0	0	0
scaffold_1198	1760	0	0.00	0	0	0	0	0
scaffold_1199	1760	0	0.00	0	0	0	0	0
scaffold_12	714221	30	0.04	0	15	0	0	0
scaffold_120	68887	12	0.17	0	6	0	0	0
scaffold_1200	1758	0	0.00	0	0	0	0	0
scaffold_1201	1758	0	0.00	0	0	0	0	0
scaffold_1202	1757	0	0.00	0	0	0	0	0
scaffold_1203	1756	0	0.00	0	0	0	0	0
scaffold_1204	1756	0	0.00	0	0	0	0	0
scaffold_1205	1754	0	0.00	0	0	0	0	0
scaffold_1206	1753	0	0.00	0	0	0	0	0
scaffold_1207	1751	0	0.00	0	0	0	0	0
scaffold_1208	1750	0	0.00	0	0	0	0	0
scaffold_1209	1750	0	0.00	0	0	0	0	0
scaffold_121	68376	6	0.09	0	3	0	0	0
scaffold_1210	1749	0	0.00	0	0	0	0	0
scaffold_1211	1748	0	0.00	0	0	0	0	0
scaffold_1212	1748	0	0.00	0	0	0	0	0
scaffold_1213	1747	0	0.00	0	0	0	0	0
scaffold_1214	1745	0	0.00	0	0	0	0	0
scaffold_1215	1744	0	0.00	0	0	0	0	0
scaffold_1216	1744	0	0.00	0	0	0	0	0
scaffold_1217	1743	0	0.00	0	0	0	0	0
scaffold_1218	1743	0	0.00	0	0	0	0	0
scaffold_1219	1742	0	0.00	0	0	0	0	0
scaffold_122	67293	40	0.59	0	20	0	0	0
scaffold_1220	1741	0	0.00	0	0	0	0	0
scaffold_1221	1741	0	0.00	0	0	0	0	0
scaffold_1222	1741	0	0.00	0	0	0	0	0
scaffold_1223	1741	0	0.00	0	0	0	0	0
scaffold_1224	1740	0	0.00	0	0	0	0	0
scaffold_1225	1740	0	0.00	0	0	0	0	0
scaffold_1226	1740	0	0.00	0	0	0	0	0
scaffold_1227	1739	0	0.00	0	0	0	0	0
scaffold_1228	1739	0	0.00	0	0	0	0	0
scaffold_1229	1738	0	0.00	0	0	0	0	0
scaffold_123	66483	6	0.09	0	3	0	0	0
scaffold_1230	1737	0	0.00	0	0	0	0	0
scaffold_1231	1736	0	0.00	0	0	0	0	0
scaffold_1232	1734	0	0.00	0	0	0	0	0
scaffold_1233	1733	0	0.00	0	0	0	0	0
scaffold_1234	1733	0	0.00	0	0	0	0	0
scaffold_1235	1732	0	0.00	0	0	0	0	0
scaffold_1236	1731	0	0.00	0	0	0	0	0
scaffold_1237	1731	0	0.00	0	0	0	0	0
scaffold_1238	1731	0	0.00	0	0	0	0	0
scaffold_1239	1730	0	0.00	0	0	0	0	0
scaffold_124	66128	12	0.18	0	6	0	0	0
scaffold_1240	1730	0	0.00	0	0	0	0	0
scaffold_1241	1730	0	0.00	0	0	0	0	0
scaffold_1242	1729	0	0.00	0	0	0	0	0
scaffold_1243	1729	0	0.00	0	0	0	0	0
scaffold_1244	1727	0	0.00	0	0	0	0	0
scaffold_1245	1727	0	0.00	0	0	0	0	0
scaffold_1246	1725	0	0.00	0	0	0	0	0
scaffold_1247	1723	0	0.00	0	0	0	0	0
scaffold_1248	1722	0	0.00	0	0	0	0	0
scaffold_1249	1721	0	0.00	0	0	0	0	0
scaffold_125	65896	14	0.21	0	7	0	0	0
scaffold_1250	1721	0	0.00	0	0	0	0	0
scaffold_1251	1721	0	0.00	0	0	0	0	0
scaffold_1252	1721	0	0.00	0	0	0	0	0
scaffold_1253	1720	0	0.00	0	0	0	0	0
scaffold_1254	1720	0	0.00	0	0	0	0	0
scaffold_1255	1719	0	0.00	0	0	0	0	0
scaffold_1256	1719	0	0.00	0	0	0	0	0
scaffold_1257	1717	0	0.00	0	0	0	0	0
scaffold_1258	1716	0	0.00	0	0	0	0	0
scaffold_1259	1716	0	0.00	0	0	0	0	0
scaffold_126	65596	4	0.06	0	2	0	0	0
scaffold_1260	1716	0	0.00	0	0	0	0	0
scaffold_1261	1716	0	0.00	0	0	0	0	0
scaffold_1262	1716	0	0.00	0	0	0	0	0
scaffold_1263	1715	0	0.00	0	0	0	0	0
scaffold_1264	1714	0	0.00	0	0	0	0	0
scaffold_1265	1714	0	0.00	0	0	0	0	0
scaffold_1266	1714	0	0.00	0	0	0	0	0
scaffold_1267	1713	0	0.00	0	0	0	0	0
scaffold_1268	1713	0	0.00	0	0	0	0	0
scaffold_1269	1712	0	0.00	0	0	0	0	0
scaffold_127	65471	6	0.09	0	3	0	0	0
scaffold_1270	1710	0	0.00	0	0	0	0	0
scaffold_1271	1710	0	0.00	0	0	0	0	0
scaffold_1272	1710	0	0.00	0	0	0	0	0
scaffold_1273	1710	0	0.00	0	0	0	0	0
scaffold_1274	1710	0	0.00	0	0	0	0	0
scaffold_1275	1710	0	0.00	0	0	0	0	0
scaffold_1276	1709	0	0.00	0	0	0	0	0
scaffold_1277	1708	0	0.00	0	0	0	0	0
scaffold_1278	1708	0	0.00	0	0	0	0	0
scaffold_1279	1708	0	0.00	0	0	0	0	0
scaffold_128	64995	12	0.18	0	6	0	0	0
scaffold_1280	1708	0	0.00	0	0	0	0	0
scaffold_1281	1707	0	0.00	0	0	0	0	0
scaffold_1282	1707	0	0.00	0	0	0	0	0
scaffold_1283	1706	0	0.00	0	0	0	0	0
scaffold_1284	1706	0	0.00	0	0	0	0	0
scaffold_1285	1705	0	0.00	0	0	0	0	0
scaffold_1286	1704	0	0.00	0	0	0	0	0
scaffold_1287	1704	0	0.00	0	0	0	0	0
scaffold_1288	1703	0	0.00	0	0	0	0	0
scaffold_1289	1703	0	0.00	0	0	0	0	0
scaffold_129	64631	2	0.03	0	1	0	0	0
scaffold_1290	1702	0	0.00	0	0	0	0	0
scaffold_1291	1701	0	0.00	0	0	0	0	0
scaffold_1292	1701	0	0.00	0	0	0	0	0
scaffold_1293	1700	0	0.00	0	0	0	0	0
scaffold_1294	1700	0	0.00	0	0	0	0	0
scaffold_1295	1700	0	0.00	0	0	0	0	0
scaffold_1296	1700	0	0.00	0	0	0	0	0
scaffold_1297	1700	0	0.00	0	0	0	0	0
scaffold_1298	1699	0	0.00	0	0	0	0	0
scaffold_1299	1699	0	0.00	0	0	0	0	0
scaffold_13	693329	26	0.04	0	13	0	0	0
scaffold_130	64433	8	0.12	0	4	0	0	0
scaffold_1300	1697	0	0.00	0	0	0	0	0
scaffold_1301	1696	0	0.00	0	0	0	0	0
scaffold_1302	1695	0	0.00	0	0	0	0	0
scaffold_1303	1695	0	0.00	0	0	0	0	0
scaffold_1304	1693	0	0.00	0	0	0	0	0
scaffold_1305	1693	0	0.00	0	0	0	0	0
scaffold_1306	1693	0	0.00	0	0	0	0	0
scaffold_1307	1693	0	0.00	0	0	0	0	0
scaffold_1308	1693	0	0.00	0	0	0	0	0
scaffold_1309	1692	0	0.00	0	0	0	0	0
scaffold_131	63469	14	0.22	0	7	0	0	0
scaffold_1310	1691	0	0.00	0	0	0	0	0
scaffold_1311	1691	0	0.00	0	0	0	0	0
scaffold_1312	1691	0	0.00	0	0	0	0	0
scaffold_1313	1691	0	0.00	0	0	0	0	0
scaffold_1314	1690	0	0.00	0	0	0	0	0
scaffold_1315	1689	0	0.00	0	0	0	0	0
scaffold_1316	1689	0	0.00	0	0	0	0	0
scaffold_1317	1688	0	0.00	0	0	0	0	0
scaffold_1318	1687	0	0.00	0	0	0	0	0
scaffold_1319	1687	0	0.00	0	0	0	0	0
scaffold_132	63316	8	0.13	0	4	0	0	0
scaffold_1320	1687	0	0.00	0	0	0	0	0
scaffold_1321	1686	0	0.00	0	0	0	0	0
scaffold_1322	1686	0	0.00	0	0	0	0	0
scaffold_1323	1684	0	0.00	0	0	0	0	0
scaffold_1324	1684	0	0.00	0	0	0	0	0
scaffold_1325	1684	0	0.00	0	0	0	0	0
scaffold_1326	1683	0	0.00	0	0	0	0	0
scaffold_1327	1683	0	0.00	0	0	0	0	0
scaffold_1328	1682	0	0.00	0	0	0	0	0
scaffold_1329	1682	0	0.00	0	0	0	0	0
scaffold_133	62838	0	0.00	0	0	0	0	0
scaffold_1330	1681	0	0.00	0	0	0	0	0
scaffold_1331	1681	0	0.00	0	0	0	0	0
scaffold_1332	1681	0	0.00	0	0	0	0	0
scaffold_1333	1680	0	0.00	0	0	0	0	0
scaffold_1334	1678	0	0.00	0	0	0	0	0
scaffold_1335	1678	0	0.00	0	0	0	0	0
scaffold_1336	1677	0	0.00	0	0	0	0	0
scaffold_1337	1677	0	0.00	0	0	0	0	0
scaffold_1338	1677	0	0.00	0	0	0	0	0
scaffold_1339	1677	0	0.00	0	0	0	0	0
scaffold_134	62719	2	0.03	0	1	0	0	0
scaffold_1340	1676	0	0.00	0	0	0	0	0
scaffold_1341	1676	0	0.00	0	0	0	0	0
scaffold_1342	1675	0	0.00	0	0	0	0	0
scaffold_1343	1674	0	0.00	0	0	0	0	0
scaffold_1344	1673	0	0.00	0	0	0	0	0
scaffold_1345	1672	0	0.00	0	0	0	0	0
scaffold_1346	1672	0	0.00	0	0	0	0	0
scaffold_1347	1672	0	0.00	0	0	0	0	0
scaffold_1348	1672	0	0.00	0	0	0	0	0
scaffold_1349	1671	0	0.00	0	0	0	0	0
scaffold_135	62497	12	0.19	0	6	0	0	0
scaffold_1350	1669	0	0.00	0	0	0	0	0
scaffold_1351	1667	0	0.00	0	0	0	0	0
scaffold_1352	1665	0	0.00	0	0	0	0	0
scaffold_1353	1664	0	0.00	0	0	0	0	0
scaffold_1354	1663	0	0.00	0	0	0	0	0
scaffold_1355	1663	0	0.00	0	0	0	0	0
scaffold_1356	1663	0	0.00	0	0	0	0	0
scaffold_1357	1662	0	0.00	0	0	0	0	0
scaffold_1358	1661	0	0.00	0	0	0	0	0
scaffold_1359	1660	0	0.00	0	0	0	0	0
scaffold_136	62251	4	0.06	0	2	0	0	0
scaffold_1360	1660	0	0.00	0	0	0	0	0
scaffold_1361	1660	0	0.00	0	0	0	0	0
scaffold_1362	1659	0	0.00	0	0	0	0	0
scaffold_1363	1657	0	0.00	0	0	0	0	0
scaffold_1364	1657	0	0.00	0	0	0	0	0
scaffold_1365	1656	0	0.00	0	0	0	0	0
scaffold_1366	1656	0	0.00	0	0	0	0	0
scaffold_1367	1655	0	0.00	0	0	0	0	0
scaffold_1368	1654	0	0.00	0	0	0	0	0
scaffold_1369	1654	0	0.00	0	0	0	0	0
scaffold_137	61850	6	0.10	0	3	0	0	0
scaffold_1370	1654	0	0.00	0	0	0	0	0
scaffold_1371	1654	0	0.00	0	0	0	0	0
scaffold_1372	1654	0	0.00	0	0	0	0	0
scaffold_1373	1653	0	0.00	0	0	0	0	0
scaffold_1374	1652	0	0.00	0	0	0	0	0
scaffold_1375	1652	0	0.00	0	0	0	0	0
scaffold_1376	1651	0	0.00	0	0	0	0	0
scaffold_1377	1651	0	0.00	0	0	0	0	0
scaffold_1378	1651	0	0.00	0	0	0	0	0
scaffold_1379	1650	0	0.00	0	0	0	0	0
scaffold_138	60451	10	0.17	0	5	0	0	0
scaffold_1380	1650	0	0.00	0	0	0	0	0
scaffold_1381	1650	0	0.00	0	0	0	0	0
scaffold_1382	1650	0	0.00	0	0	0	0	0
scaffold_1383	1649	0	0.00	0	0	0	0	0
scaffold_1384	1648	0	0.00	0	0	0	0	0
scaffold_1385	1646	0	0.00	0	0	0	0	0
scaffold_1386	1645	0	0.00	0	0	0	0	0
scaffold_1387	1645	0	0.00	0	0	0	0	0
scaffold_1388	1644	0	0.00	0	0	0	0	0
scaffold_1389	1644	0	0.00	0	0	0	0	0
scaffold_139	60059	20	0.33	0	10	0	0	0
scaffold_1390	1643	0	0.00	0	0	0	0	0
scaffold_1391	1643	0	0.00	0	0	0	0	0
scaffold_1392	1643	0	0.00	0	0	0	0	0
scaffold_1393	1643	0	0.00	0	0	0	0	0
scaffold_1394	1643	0	0.00	0	0	0	0	0
scaffold_1395	1641	0	0.00	0	0	0	0	0
scaffold_1396	1639	0	0.00	0	0	0	0	0
scaffold_1397	1638	0	0.00	0	0	0	0	0
scaffold_1398	1637	0	0.00	0	0	0	0	0
scaffold_1399	1637	0	0.00	0	0	0	0	0
scaffold_14	686031	18	0.03	0	9	0	0	0
scaffold_140	59124	8	0.14	0	4	0	0	0
scaffold_1400	1637	0	0.00	0	0	0	0	0
scaffold_1401	1636	0	0.00	0	0	0	0	0
scaffold_1402	1635	0	0.00	0	0	0	0	0
scaffold_1403	1634	0	0.00	0	0	0	0	0
scaffold_1404	1633	0	0.00	0	0	0	0	0
scaffold_1405	1632	0	0.00	0	0	0	0	0
scaffold_1406	1632	0	0.00	0	0	0	0	0
scaffold_1407	1631	0	0.00	0	0	0	0	0
scaffold_1408	1630	0	0.00	0	0	0	0	0
scaffold_1409	1629	0	0.00	0	0	0	0	0
scaffold_141	59104	10	0.17	0	5	0	0	0
scaffold_1410	1628	0	0.00	0	0	0	0	0
scaffold_1411	1628	0	0.00	0	0	0	0	0
scaffold_1412	1627	0	0.00	0	0	0	0	0
scaffold_1413	1627	0	0.00	0	0	0	0	0
scaffold_1414	1627	0	0.00	0	0	0	0	0
scaffold_1415	1627	0	0.00	0	0	0	0	0
scaffold_1416	1626	0	0.00	0	0	0	0	0
scaffold_1417	1626	0	0.00	0	0	0	0	0
scaffold_1418	1625	0	0.00	0	0	0	0	0
scaffold_1419	1625	0	0.00	0	0	0	0	0
scaffold_142	59102	4	0.07	0	2	0	0	0
scaffold_1420	1623	0	0.00	0	0	0	0	0
scaffold_1421	1623	0	0.00	0	0	0	0	0
scaffold_1422	1623	0	0.00	0	0	0	0	0
scaffold_1423	1622	0	0.00	0	0	0	0	0
scaffold_1424	1622	0	0.00	0	0	0	0	0
scaffold_1425	1620	0	0.00	0	0	0	0	0
scaffold_1426	1620	0	0.00	0	0	0	0	0
scaffold_1427	1619	0	0.00	0	0	0	0	0
scaffold_1428	1618	0	0.00	0	0	0	0	0
scaffold_1429	1617	0	0.00	0	0	0	0	0
scaffold_143	59025	6	0.10	0	3	0	0	0
scaffold_1430	1614	0	0.00	0	0	0	0	0
scaffold_1431	1613	0	0.00	0	0	0	0	0
scaffold_1432	1613	0	0.00	0	0	0	0	0
scaffold_1433	1610	0	0.00	0	0	0	0	0
scaffold_1434	1609	0	0.00	0	0	0	0	0
scaffold_1435	1609	0	0.00	0	0	0	0	0
scaffold_1436	1608	0	0.00	0	0	0	0	0
scaffold_1437	1607	0	0.00	0	0	0	0	0
scaffold_1438	1607	0	0.00	0	0	0	0	0
scaffold_1439	1606	0	0.00	0	0	0	0	0
scaffold_144	58994	0	0.00	0	0	0	0	0
scaffold_1440	1605	0	0.00	0	0	0	0	0
scaffold_1441	1605	0	0.00	0	0	0	0	0
scaffold_1442	1604	0	0.00	0	0	0	0	0
scaffold_1443	1604	0	0.00	0	0	0	0	0
scaffold_1444	1604	0	0.00	0	0	0	0	0
scaffold_1445	1602	0	0.00	0	0	0	0	0
scaffold_1446	1602	0	0.00	0	0	0	0	0
scaffold_1447	1602	0	0.00	0	0	0	0	0
scaffold_1448	1602	0	0.00	0	0	0	0	0
scaffold_1449	1601	0	0.00	0	0	0	0	0
scaffold_145	58539	0	0.00	0	0	0	0	0
scaffold_1450	1598	0	0.00	0	0	0	0	0
scaffold_1451	1595	0	0.00	0	0	0	0	0
scaffold_1452	1594	0	0.00	0	0	0	0	0
scaffold_1453	1593	0	0.00	0	0	0	0	0
scaffold_1454	1593	0	0.00	0	0	0	0	0
scaffold_1455	1593	0	0.00	0	0	0	0	0
scaffold_1456	1592	0	0.00	0	0	0	0	0
scaffold_1457	1592	0	0.00	0	0	0	0	0
scaffold_1458	1592	0	0.00	0	0	0	0	0
scaffold_1459	1590	0	0.00	0	0	0	0	0
scaffold_146	57624	16	0.28	0	8	0	0	0
scaffold_1460	1588	0	0.00	0	0	0	0	0
scaffold_1461	1586	0	0.00	0	0	0	0	0
scaffold_1462	1584	0	0.00	0	0	0	0	0
scaffold_1463	1582	0	0.00	0	0	0	0	0
scaffold_1464	1582	0	0.00	0	0	0	0	0
scaffold_1465	1580	0	0.00	0	0	0	0	0
scaffold_1466	1577	0	0.00	0	0	0	0	0
scaffold_1467	1577	0	0.00	0	0	0	0	0
scaffold_1468	1576	0	0.00	0	0	0	0	0
scaffold_1469	1575	0	0.00	0	0	0	0	0
scaffold_147	57349	6	0.10	0	3	0	0	0
scaffold_1470	1575	0	0.00	0	0	0	0	0
scaffold_1471	1573	0	0.00	0	0	0	0	0
scaffold_1472	1570	0	0.00	0	0	0	0	0
scaffold_1473	1570	0	0.00	0	0	0	0	0
scaffold_1474	1568	0	0.00	0	0	0	0	0
scaffold_1475	1568	0	0.00	0	0	0	0	0
scaffold_1476	1568	0	0.00	0	0	0	0	0
scaffold_1477	1568	0	0.00	0	0	0	0	0
scaffold_1478	1565	0	0.00	0	0	0	0	0
scaffold_1479	1564	0	0.00	0	0	0	0	0
scaffold_148	57346	16	0.28	0	8	0	0	0
scaffold_1480	1564	0	0.00	0	0	0	0	0
scaffold_1481	1562	0	0.00	0	0	0	0	0
scaffold_1482	1562	0	0.00	0	0	0	0	0
scaffold_1483	1562	0	0.00	0	0	0	0	0
scaffold_1484	1561	0	0.00	0	0	0	0	0
scaffold_1485	1561	0	0.00	0	0	0	0	0
scaffold_1486	1561	0	0.00	0	0	0	0	0
scaffold_1487	1561	0	0.00	0	0	0	0	0
scaffold_1488	1559	0	0.00	0	0	0	0	0
scaffold_1489	1559	0	0.00	0	0	0	0	0
scaffold_149	56937	6	0.11	0	3	0	0	0
scaffold_1490	1557	0	0.00	0	0	0	0	0
scaffold_1491	1554	0	0.00	0	0	0	0	0
scaffold_1492	1554	0	0.00	0	0	0	0	0
scaffold_1493	1552	0	0.00	0	0	0	0	0
scaffold_1494	1551	0	0.00	0	0	0	0	0
scaffold_1495	1550	0	0.00	0	0	0	0	0
scaffold_1496	1550	0	0.00	0	0	0	0	0
scaffold_1497	1549	0	0.00	0	0	0	0	0
scaffold_1498	1549	0	0.00	0	0	0	0	0
scaffold_1499	1549	0	0.00	0	0	0	0	0
scaffold_15	682438	18	0.03	0	9	0	0	0
scaffold_150	56669	2	0.04	0	1	0	0	0
scaffold_1500	1549	0	0.00	0	0	0	0	0
scaffold_1501	1546	0	0.00	0	0	0	0	0
scaffold_1502	1544	0	0.00	0	0	0	0	0
scaffold_1503	1544	0	0.00	0	0	0	0	0
scaffold_1504	1543	0	0.00	0	0	0	0	0
scaffold_1505	1543	0	0.00	0	0	0	0	0
scaffold_1506	1542	0	0.00	0	0	0	0	0
scaffold_1507	1541	0	0.00	0	0	0	0	0
scaffold_1508	1539	0	0.00	0	0	0	0	0
scaffold_1509	1538	0	0.00	0	0	0	0	0
scaffold_151	56657	6	0.11	0	3	0	0	0
scaffold_1510	1534	0	0.00	0	0	0	0	0
scaffold_1511	1533	0	0.00	0	0	0	0	0
scaffold_1512	1531	0	0.00	0	0	0	0	0
scaffold_1513	1531	0	0.00	0	0	0	0	0
scaffold_1514	1530	0	0.00	0	0	0	0	0
scaffold_1515	1530	0	0.00	0	0	0	0	0
scaffold_1516	1529	0	0.00	0	0	0	0	0
scaffold_1517	1529	0	0.00	0	0	0	0	0
scaffold_1518	1525	0	0.00	0	0	0	0	0
scaffold_1519	1525	0	0.00	0	0	0	0	0
scaffold_152	56649	8	0.14	0	4	0	0	0
scaffold_1520	1524	0	0.00	0	0	0	0	0
scaffold_1521	1523	0	0.00	0	0	0	0	0
scaffold_1522	1522	0	0.00	0	0	0	0	0
scaffold_1523	1521	0	0.00	0	0	0	0	0
scaffold_1524	1520	0	0.00	0	0	0	0	0
scaffold_1525	1519	0	0.00	0	0	0	0	0
scaffold_1526	1519	0	0.00	0	0	0	0	0
scaffold_1527	1518	0	0.00	0	0	0	0	0
scaffold_1528	1515	0	0.00	0	0	0	0	0
scaffold_1529	1514	0	0.00	0	0	0	0	0
scaffold_153	55976	10	0.18	0	5	0	0	0
scaffold_1530	1510	0	0.00	0	0	0	0	0
scaffold_1531	1510	0	0.00	0	0	0	0	0
scaffold_1532	1507	0	0.00	0	0	0	0	0
scaffold_1533	1505	0	0.00	0	0	0	0	0
scaffold_1534	1505	0	0.00	0	0	0	0	0
scaffold_1535	1503	0	0.00	0	0	0	0	0
scaffold_1536	1502	0	0.00	0	0	0	0	0
scaffold_1537	1500	0	0.00	0	0	0	0	0
scaffold_1538	1495	0	0.00	0	0	0	0	0
scaffold_1539	1492	0	0.00	0	0	0	0	0
scaffold_154	55853	6	0.11	0	3	0	0	0
scaffold_1540	1488	0	0.00	0	0	0	0	0
scaffold_1541	1488	0	0.00	0	0	0	0	0
scaffold_1542	1487	0	0.00	0	0	0	0	0
scaffold_1543	1487	0	0.00	0	0	0	0	0
scaffold_1544	1486	0	0.00	0	0	0	0	0
scaffold_1545	1485	0	0.00	0	0	0	0	0
scaffold_1546	1484	0	0.00	0	0	0	0	0
scaffold_1547	1484	0	0.00	0	0	0	0	0
scaffold_1548	1483	0	0.00	0	0	0	0	0
scaffold_1549	1481	0	0.00	0	0	0	0	0
scaffold_155	55804	16	0.29	0	8	0	0	0
scaffold_1550	1479	0	0.00	0	0	0	0	0
scaffold_1551	1478	0	0.00	0	0	0	0	0
scaffold_1552	1478	0	0.00	0	0	0	0	0
scaffold_1553	1476	0	0.00	0	0	0	0	0
scaffold_1554	1476	0	0.00	0	0	0	0	0
scaffold_1555	1472	0	0.00	0	0	0	0	0
scaffold_1556	1468	0	0.00	0	0	0	0	0
scaffold_1557	1468	0	0.00	0	0	0	0	0
scaffold_1558	1466	0	0.00	0	0	0	0	0
scaffold_1559	1462	0	0.00	0	0	0	0	0
scaffold_156	55532	12	0.22	0	6	0	0	0
scaffold_1560	1462	0	0.00	0	0	0	0	0
scaffold_1561	1461	0	0.00	0	0	0	0	0
scaffold_1562	1458	0	0.00	0	0	0	0	0
scaffold_1563	1457	0	0.00	0	0	0	0	0
scaffold_1564	1454	0	0.00	0	0	0	0	0
scaffold_1565	1452	0	0.00	0	0	0	0	0
scaffold_1566	1448	0	0.00	0	0	0	0	0
scaffold_1567	1447	0	0.00	0	0	0	0	0
scaffold_1568	1445	0	0.00	0	0	0	0	0
scaffold_1569	1441	0	0.00	0	0	0	0	0
scaffold_157	54859	8	0.15	0	4	0	0	0
scaffold_1570	1441	0	0.00	0	0	0	0	0
scaffold_1571	1437	0	0.00	0	0	0	0	0
scaffold_1572	1436	0	0.00	0	0	0	0	0
scaffold_1573	1435	0	0.00	0	0	0	0	0
scaffold_1574	1435	0	0.00	0	0	0	0	0
scaffold_1575	1434	0	0.00	0	0	0	0	0
scaffold_1576	1432	0	0.00	0	0	0	0	0
scaffold_1577	1431	0	0.00	0	0	0	0	0
scaffold_1578	1430	0	0.00	0	0	0	0	0
scaffold_1579	1429	0	0.00	0	0	0	0	0
scaffold_158	53901	10	0.19	0	5	0	0	0
scaffold_1580	1415	0	0.00	0	0	0	0	0
scaffold_1581	1409	0	0.00	0	0	0	0	0
scaffold_1582	1404	0	0.00	0	0	0	0	0
scaffold_1583	1403	0	0.00	0	0	0	0	0
scaffold_1584	1402	0	0.00	0	0	0	0	0
scaffold_1585	1400	0	0.00	0	0	0	0	0
scaffold_1586	1396	0	0.00	0	0	0	0	0
scaffold_1587	1395	0	0.00	0	0	0	0	0
scaffold_1588	1393	0	0.00	0	0	0	0	0
scaffold_1589	1392	0	0.00	0	0	0	0	0
scaffold_159	53809	4	0.07	0	2	0	0	0
scaffold_1590	1378	0	0.00	0	0	0	0	0
scaffold_1591	1371	0	0.00	0	0	0	0	0
scaffold_1592	1369	0	0.00	0	0	0	0	0
scaffold_1593	1368	0	0.00	0	0	0	0	0
scaffold_1594	1368	0	0.00	0	0	0	0	0
scaffold_1595	1365	0	0.00	0	0	0	0	0
scaffold_1596	1363	0	0.00	0	0	0	0	0
scaffold_1597	1362	0	0.00	0	0	0	0	0
scaffold_1598	1356	0	0.00	0	0	0	0	0
scaffold_1599	1346	0	0.00	0	0	0	0	0
scaffold_16	662611	16	0.02	0	8	0	0	0
scaffold_160	53233	6	0.11	0	3	0	0	0
scaffold_1600	1345	0	0.00	0	0	0	0	0
scaffold_1601	1345	0	0.00	0	0	0	0	0
scaffold_1602	1344	0	0.00	0	0	0	0	0
scaffold_1603	1343	0	0.00	0	0	0	0	0
scaffold_1604	1342	0	0.00	0	0	0	0	0
scaffold_1605	1341	0	0.00	0	0	0	0	0
scaffold_1606	1326	0	0.00	0	0	0	0	0
scaffold_1607	1326	0	0.00	0	0	0	0	0
scaffold_1608	1318	0	0.00	0	0	0	0	0
scaffold_1609	1318	0	0.00	0	0	0	0	0
scaffold_161	52744	12	0.23	0	6	0	0	0
scaffold_1610	1315	0	0.00	0	0	0	0	0
scaffold_1611	1311	0	0.00	0	0	0	0	0
scaffold_1612	1311	0	0.00	0	0	0	0	0
scaffold_1613	1309	0	0.00	0	0	0	0	0
scaffold_1614	1306	0	0.00	0	0	0	0	0
scaffold_1615	1304	0	0.00	0	0	0	0	0
scaffold_1616	1289	0	0.00	0	0	0	0	0
scaffold_1617	1282	0	0.00	0	0	0	0	0
scaffold_1618	1279	0	0.00	0	0	0	0	0
scaffold_1619	1276	0	0.00	0	0	0	0	0
scaffold_162	52739	0	0.00	0	0	0	0	0
scaffold_1620	1276	0	0.00	0	0	0	0	0
scaffold_1621	1273	0	0.00	0	0	0	0	0
scaffold_1622	1270	0	0.00	0	0	0	0	0
scaffold_1623	1265	0	0.00	0	0	0	0	0
scaffold_1624	1265	0	0.00	0	0	0	0	0
scaffold_1625	1254	0	0.00	0	0	0	0	0
scaffold_1626	1246	0	0.00	0	0	0	0	0
scaffold_1627	1242	0	0.00	0	0	0	0	0
scaffold_1628	1241	0	0.00	0	0	0	0	0
scaffold_1629	1236	0	0.00	0	0	0	0	0
scaffold_163	52442	12	0.23	0	6	0	0	0
scaffold_1630	1232	0	0.00	0	0	0	0	0
scaffold_1631	1221	0	0.00	0	0	0	0	0
scaffold_1632	1220	0	0.00	0	0	0	0	0
scaffold_1633	1214	0	0.00	0	0	0	0	0
scaffold_1634	1210	0	0.00	0	0	0	0	0
scaffold_1635	1205	0	0.00	0	0	0	0	0
scaffold_1636	1200	0	0.00	0	0	0	0	0
scaffold_1637	1199	0	0.00	0	0	0	0	0
scaffold_1638	1196	0	0.00	0	0	0	0	0
scaffold_1639	1196	0	0.00	0	0	0	0	0
scaffold_164	51984	12	0.23	0	6	0	0	0
scaffold_1640	1195	0	0.00	0	0	0	0	0
scaffold_1641	1192	0	0.00	0	0	0	0	0
scaffold_1642	1191	0	0.00	0	0	0	0	0
scaffold_1643	1187	0	0.00	0	0	0	0	0
scaffold_1644	1186	0	0.00	0	0	0	0	0
scaffold_1645	1185	0	0.00	0	0	0	0	0
scaffold_1646	1184	0	0.00	0	0	0	0	0
scaffold_1647	1182	0	0.00	0	0	0	0	0
scaffold_1648	1182	0	0.00	0	0	0	0	0
scaffold_1649	1175	0	0.00	0	0	0	0	0
scaffold_165	50864	2	0.04	0	1	0	0	0
scaffold_1650	1174	0	0.00	0	0	0	0	0
scaffold_1651	1169	0	0.00	0	0	0	0	0
scaffold_1652	1169	0	0.00	0	0	0	0	0
scaffold_1653	1166	0	0.00	0	0	0	0	0
scaffold_1654	1163	0	0.00	0	0	0	0	0
scaffold_1655	1158	0	0.00	0	0	0	0	0
scaffold_1656	1151	0	0.00	0	0	0	0	0
scaffold_1657	1149	0	0.00	0	0	0	0	0
scaffold_1658	1144	0	0.00	0	0	0	0	0
scaffold_1659	1140	0	0.00	0	0	0	0	0
scaffold_166	50248	2	0.04	0	1	0	0	0
scaffold_1660	1139	0	0.00	0	0	0	0	0
scaffold_1661	1133	0	0.00	0	0	0	0	0
scaffold_1662	1131	0	0.00	0	0	0	0	0
scaffold_1663	1123	0	0.00	0	0	0	0	0
scaffold_1664	1120	0	0.00	0	0	0	0	0
scaffold_1665	1111	0	0.00	0	0	0	0	0
scaffold_1666	1102	0	0.00	0	0	0	0	0
scaffold_1667	1099	0	0.00	0	0	0	0	0
scaffold_1668	1099	0	0.00	0	0	0	0	0
scaffold_1669	1099	0	0.00	0	0	0	0	0
scaffold_167	49927	8	0.16	0	4	0	0	0
scaffold_1670	1094	0	0.00	0	0	0	0	0
scaffold_1671	1087	0	0.00	0	0	0	0	0
scaffold_1672	1081	0	0.00	0	0	0	0	0
scaffold_1673	1080	0	0.00	0	0	0	0	0
scaffold_1674	1080	0	0.00	0	0	0	0	0
scaffold_1675	1078	0	0.00	0	0	0	0	0
scaffold_1676	1074	0	0.00	0	0	0	0	0
scaffold_1677	1070	0	0.00	0	0	0	0	0
scaffold_1678	1068	0	0.00	0	0	0	0	0
scaffold_1679	1066	0	0.00	0	0	0	0	0
scaffold_168	49822	8	0.16	0	4	0	0	0
scaffold_1680	1064	0	0.00	0	0	0	0	0
scaffold_1681	1063	0	0.00	0	0	0	0	0
scaffold_1682	1058	0	0.00	0	0	0	0	0
scaffold_1683	1051	0	0.00	0	0	0	0	0
scaffold_1684	1051	0	0.00	0	0	0	0	0
scaffold_1685	1050	0	0.00	0	0	0	0	0
scaffold_1686	1047	0	0.00	0	0	0	0	0
scaffold_1687	1034	0	0.00	0	0	0	0	0
scaffold_1688	1033	0	0.00	0	0	0	0	0
scaffold_1689	1029	0	0.00	0	0	0	0	0
scaffold_169	49761	6	0.12	0	3	0	0	0
scaffold_1690	1019	0	0.00	0	0	0	0	0
scaffold_1691	1016	0	0.00	0	0	0	0	0
scaffold_1692	1016	0	0.00	0	0	0	0	0
scaffold_1693	1014	0	0.00	0	0	0	0	0
scaffold_1694	1014	0	0.00	0	0	0	0	0
scaffold_1695	1014	0	0.00	0	0	0	0	0
scaffold_1696	1009	0	0.00	0	0	0	0	0
scaffold_1697	1004	0	0.00	0	0	0	0	0
scaffold_1698	1004	0	0.00	0	0	0	0	0
scaffold_1699	1003	0	0.00	0	0	0	0	0
scaffold_17	560782	32	0.06	0	16	0	0	0
scaffold_170	49202	34	0.69	0	17	0	0	0
scaffold_1700	1001	0	0.00	0	0	0	0	0
scaffold_1701	999	0	0.00	0	0	0	0	0
scaffold_1702	999	0	0.00	0	0	0	0	0
scaffold_1703	993	0	0.00	0	0	0	0	0
scaffold_1704	991	0	0.00	0	0	0	0	0
scaffold_1705	985	0	0.00	0	0	0	0	0
scaffold_1706	984	0	0.00	0	0	0	0	0
scaffold_1707	983	0	0.00	0	0	0	0	0
scaffold_1708	982	0	0.00	0	0	0	0	0
scaffold_1709	981	0	0.00	0	0	0	0	0
scaffold_171	49131	6	0.12	0	3	0	0	0
scaffold_1710	978	0	0.00	0	0	0	0	0
scaffold_1711	971	0	0.00	0	0	0	0	0
scaffold_1712	963	0	0.00	0	0	0	0	0
scaffold_1713	960	0	0.00	0	0	0	0	0
scaffold_1714	947	0	0.00	0	0	0	0	0
scaffold_1715	947	0	0.00	0	0	0	0	0
scaffold_1716	942	0	0.00	0	0	0	0	0
scaffold_1717	941	0	0.00	0	0	0	0	0
scaffold_1718	935	0	0.00	0	0	0	0	0
scaffold_1719	932	0	0.00	0	0	0	0	0
scaffold_172	48916	14	0.29	0	7	0	0	0
scaffold_1720	928	0	0.00	0	0	0	0	0
scaffold_1721	921	0	0.00	0	0	0	0	0
scaffold_1722	921	0	0.00	0	0	0	0	0
scaffold_1723	919	0	0.00	0	0	0	0	0
scaffold_1724	916	0	0.00	0	0	0	0	0
scaffold_1725	914	0	0.00	0	0	0	0	0
scaffold_1726	914	0	0.00	0	0	0	0	0
scaffold_1727	914	0	0.00	0	0	0	0	0
scaffold_1728	913	0	0.00	0	0	0	0	0
scaffold_1729	909	0	0.00	0	0	0	0	0
scaffold_173	48898	12	0.25	0	6	0	0	0
scaffold_1730	907	0	0.00	0	0	0	0	0
scaffold_1731	903	0	0.00	0	0	0	0	0
scaffold_1732	903	0	0.00	0	0	0	0	0
scaffold_1733	903	0	0.00	0	0	0	0	0
scaffold_1734	900	0	0.00	0	0	0	0	0
scaffold_1735	900	0	0.00	0	0	0	0	0
scaffold_1736	899	0	0.00	0	0	0	0	0
scaffold_1737	898	0	0.00	0	0	0	0	0
scaffold_1738	896	0	0.00	0	0	0	0	0
scaffold_1739	895	0	0.00	0	0	0	0	0
scaffold_174	48883	4	0.08	0	2	0	0	0
scaffold_1740	891	0	0.00	0	0	0	0	0
scaffold_1741	890	0	0.00	0	0	0	0	0
scaffold_1742	884	0	0.00	0	0	0	0	0
scaffold_1743	884	0	0.00	0	0	0	0	0
scaffold_1744	884	0	0.00	0	0	0	0	0
scaffold_1745	883	0	0.00	0	0	0	0	0
scaffold_1746	881	0	0.00	0	0	0	0	0
scaffold_1747	880	0	0.00	0	0	0	0	0
scaffold_1748	878	0	0.00	0	0	0	0	0
scaffold_1749	875	0	0.00	0	0	0	0	0
scaffold_175	48335	4	0.08	0	2	0	0	0
scaffold_1750	868	0	0.00	0	0	0	0	0
scaffold_1751	867	0	0.00	0	0	0	0	0
scaffold_1752	867	0	0.00	0	0	0	0	0
scaffold_1753	866	0	0.00	0	0	0	0	0
scaffold_1754	863	0	0.00	0	0	0	0	0
scaffold_1755	863	0	0.00	0	0	0	0	0
scaffold_1756	862	0	0.00	0	0	0	0	0
scaffold_1757	860	0	0.00	0	0	0	0	0
scaffold_1758	860	0	0.00	0	0	0	0	0
scaffold_1759	856	0	0.00	0	0	0	0	0
scaffold_176	48130	16	0.33	0	8	0	0	0
scaffold_1760	847	0	0.00	0	0	0	0	0
scaffold_1761	847	0	0.00	0	0	0	0	0
scaffold_1762	844	0	0.00	0	0	0	0	0
scaffold_1763	843	0	0.00	0	0	0	0	0
scaffold_1764	841	0	0.00	0	0	0	0	0
scaffold_1765	840	0	0.00	0	0	0	0	0
scaffold_1766	839	0	0.00	0	0	0	0	0
scaffold_1767	833	0	0.00	0	0	0	0	0
scaffold_1768	827	0	0.00	0	0	0	0	0
scaffold_1769	822	0	0.00	0	0	0	0	0
scaffold_177	47992	6	0.13	0	3	0	0	0
scaffold_1770	821	0	0.00	0	0	0	0	0
scaffold_1771	819	0	0.00	0	0	0	0	0
scaffold_1772	815	0	0.00	0	0	0	0	0
scaffold_1773	814	0	0.00	0	0	0	0	0
scaffold_1774	811	0	0.00	0	0	0	0	0
scaffold_1775	811	0	0.00	0	0	0	0	0
scaffold_1776	810	0	0.00	0	0	0	0	0
scaffold_1777	808	0	0.00	0	0	0	0	0
scaffold_1778	806	0	0.00	0	0	0	0	0
scaffold_1779	806	0	0.00	0	0	0	0	0
scaffold_178	47825	4	0.08	0	2	0	0	0
scaffold_1780	805	0	0.00	0	0	0	0	0
scaffold_1781	801	0	0.00	0	0	0	0	0
scaffold_1782	800	0	0.00	0	0	0	0	0
scaffold_1783	798	0	0.00	0	0	0	0	0
scaffold_1784	797	0	0.00	0	0	0	0	0
scaffold_1785	797	0	0.00	0	0	0	0	0
scaffold_1786	795	0	0.00	0	0	0	0	0
scaffold_1787	795	0	0.00	0	0	0	0	0
scaffold_1788	795	0	0.00	0	0	0	0	0
scaffold_1789	795	0	0.00	0	0	0	0	0
scaffold_179	47704	18	0.38	0	9	0	0	0
scaffold_1790	795	0	0.00	0	0	0	0	0
scaffold_1791	793	0	0.00	0	0	0	0	0
scaffold_1792	791	0	0.00	0	0	0	0	0
scaffold_1793	782	0	0.00	0	0	0	0	0
scaffold_1794	782	0	0.00	0	0	0	0	0
scaffold_1795	781	0	0.00	0	0	0	0	0
scaffold_1796	778	0	0.00	0	0	0	0	0
scaffold_1797	778	0	0.00	0	0	0	0	0
scaffold_1798	775	0	0.00	0	0	0	0	0
scaffold_1799	771	0	0.00	0	0	0	0	0
scaffold_18	559479	12	0.02	0	6	0	0	0
scaffold_180	47483	8	0.17	0	4	0	0	0
scaffold_1800	770	0	0.00	0	0	0	0	0
scaffold_1801	770	0	0.00	0	0	0	0	0
scaffold_1802	770	0	0.00	0	0	0	0	0
scaffold_1803	769	0	0.00	0	0	0	0	0
scaffold_1804	769	0	0.00	0	0	0	0	0
scaffold_1805	768	0	0.00	0	0	0	0	0
scaffold_1806	765	0	0.00	0	0	0	0	0
scaffold_1807	762	0	0.00	0	0	0	0	0
scaffold_1808	761	0	0.00	0	0	0	0	0
scaffold_1809	761	0	0.00	0	0	0	0	0
scaffold_181	47091	8	0.17	0	4	0	0	0
scaffold_1810	760	0	0.00	0	0	0	0	0
scaffold_1811	759	0	0.00	0	0	0	0	0
scaffold_1812	759	0	0.00	0	0	0	0	0
scaffold_1813	758	0	0.00	0	0	0	0	0
scaffold_1814	754	0	0.00	0	0	0	0	0
scaffold_1815	753	0	0.00	0	0	0	0	0
scaffold_1816	752	0	0.00	0	0	0	0	0
scaffold_1817	748	0	0.00	0	0	0	0	0
scaffold_1818	743	0	0.00	0	0	0	0	0
scaffold_1819	743	0	0.00	0	0	0	0	0
scaffold_182	46742	4	0.09	0	2	0	0	0
scaffold_1820	739	0	0.00	0	0	0	0	0
scaffold_1821	729	0	0.00	0	0	0	0	0
scaffold_1822	729	0	0.00	0	0	0	0	0
scaffold_1823	724	0	0.00	0	0	0	0	0
scaffold_1824	724	0	0.00	0	0	0	0	0
scaffold_1825	723	0	0.00	0	0	0	0	0
scaffold_1826	722	0	0.00	0	0	0	0	0
scaffold_1827	722	0	0.00	0	0	0	0	0
scaffold_1828	718	0	0.00	0	0	0	0	0
scaffold_1829	718	0	0.00	0	0	0	0	0
scaffold_183	46408	10	0.22	0	5	0	0	0
scaffold_1830	717	0	0.00	0	0	0	0	0
scaffold_1831	716	0	0.00	0	0	0	0	0
scaffold_1832	716	0	0.00	0	0	0	0	0
scaffold_1833	714	0	0.00	0	0	0	0	0
scaffold_1834	710	0	0.00	0	0	0	0	0
scaffold_1835	708	0	0.00	0	0	0	0	0
scaffold_1836	707	0	0.00	0	0	0	0	0
scaffold_1837	706	0	0.00	0	0	0	0	0
scaffold_1838	705	0	0.00	0	0	0	0	0
scaffold_1839	703	0	0.00	0	0	0	0	0
scaffold_184	46385	2	0.04	0	1	0	0	0
scaffold_1840	699	0	0.00	0	0	0	0	0
scaffold_1841	698	0	0.00	0	0	0	0	0
scaffold_1842	694	0	0.00	0	0	0	0	0
scaffold_1843	692	0	0.00	0	0	0	0	0
scaffold_1844	691	0	0.00	0	0	0	0	0
scaffold_1845	690	0	0.00	0	0	0	0	0
scaffold_1846	688	0	0.00	0	0	0	0	0
scaffold_1847	684	0	0.00	0	0	0	0	0
scaffold_1848	682	0	0.00	0	0	0	0	0
scaffold_1849	681	0	0.00	0	0	0	0	0
scaffold_185	46380	0	0.00	0	0	0	0	0
scaffold_1850	680	0	0.00	0	0	0	0	0
scaffold_1851	679	0	0.00	0	0	0	0	0
scaffold_1852	679	0	0.00	0	0	0	0	0
scaffold_1853	679	0	0.00	0	0	0	0	0
scaffold_1854	677	0	0.00	0	0	0	0	0
scaffold_1855	676	0	0.00	0	0	0	0	0
scaffold_1856	675	0	0.00	0	0	0	0	0
scaffold_1857	674	0	0.00	0	0	0	0	0
scaffold_1858	674	0	0.00	0	0	0	0	0
scaffold_1859	672	0	0.00	0	0	0	0	0
scaffold_186	45706	2	0.04	0	1	0	0	0
scaffold_1860	671	0	0.00	0	0	0	0	0
scaffold_1861	671	0	0.00	0	0	0	0	0
scaffold_1862	670	0	0.00	0	0	0	0	0
scaffold_1863	669	0	0.00	0	0	0	0	0
scaffold_1864	669	0	0.00	0	0	0	0	0
scaffold_1865	667	0	0.00	0	0	0	0	0
scaffold_1866	663	0	0.00	0	0	0	0	0
scaffold_1867	662	0	0.00	0	0	0	0	0
scaffold_1868	662	0	0.00	0	0	0	0	0
scaffold_1869	660	0	0.00	0	0	0	0	0
scaffold_187	45587	0	0.00	0	0	0	0	0
scaffold_1870	659	0	0.00	0	0	0	0	0
scaffold_1871	658	0	0.00	0	0	0	0	0
scaffold_1872	657	0	0.00	0	0	0	0	0
scaffold_1873	657	0	0.00	0	0	0	0	0
scaffold_1874	657	0	0.00	0	0	0	0	0
scaffold_1875	656	0	0.00	0	0	0	0	0
scaffold_1876	654	0	0.00	0	0	0	0	0
scaffold_1877	654	0	0.00	0	0	0	0	0
scaffold_1878	652	0	0.00	0	0	0	0	0
scaffold_1879	651	0	0.00	0	0	0	0	0
scaffold_188	45525	10	0.22	0	5	0	0	0
scaffold_1880	650	0	0.00	0	0	0	0	0
scaffold_1881	645	0	0.00	0	0	0	0	0
scaffold_1882	643	0	0.00	0	0	0	0	0
scaffold_1883	642	0	0.00	0	0	0	0	0
scaffold_1884	642	0	0.00	0	0	0	0	0
scaffold_1885	642	0	0.00	0	0	0	0	0
scaffold_1886	642	0	0.00	0	0	0	0	0
scaffold_1887	641	0	0.00	0	0	0	0	0
scaffold_1888	641	0	0.00	0	0	0	0	0
scaffold_1889	640	0	0.00	0	0	0	0	0
scaffold_189	44872	6	0.13	0	3	0	0	0
scaffold_1890	639	0	0.00	0	0	0	0	0
scaffold_1891	638	0	0.00	0	0	0	0	0
scaffold_1892	638	0	0.00	0	0	0	0	0
scaffold_1893	637	0	0.00	0	0	0	0	0
scaffold_1894	637	0	0.00	0	0	0	0	0
scaffold_1895	636	0	0.00	0	0	0	0	0
scaffold_1896	636	0	0.00	0	0	0	0	0
scaffold_1897	635	0	0.00	0	0	0	0	0
scaffold_1898	634	0	0.00	0	0	0	0	0
scaffold_1899	633	0	0.00	0	0	0	0	0
scaffold_19	543904	14	0.03	0	7	0	0	0
scaffold_190	44347	8	0.18	0	4	0	0	0
scaffold_1900	632	0	0.00	0	0	0	0	0
scaffold_1901	632	0	0.00	0	0	0	0	0
scaffold_1902	631	0	0.00	0	0	0	0	0
scaffold_1903	631	0	0.00	0	0	0	0	0
scaffold_1904	630	0	0.00	0	0	0	0	0
scaffold_1905	629	0	0.00	0	0	0	0	0
scaffold_1906	629	0	0.00	0	0	0	0	0
scaffold_1907	629	0	0.00	0	0	0	0	0
scaffold_1908	625	0	0.00	0	0	0	0	0
scaffold_1909	624	0	0.00	0	0	0	0	0
scaffold_191	44315	4	0.09	0	2	0	0	0
scaffold_1910	624	0	0.00	0	0	0	0	0
scaffold_1911	623	0	0.00	0	0	0	0	0
scaffold_1912	623	0	0.00	0	0	0	0	0
scaffold_1913	623	0	0.00	0	0	0	0	0
scaffold_1914	623	0	0.00	0	0	0	0	0
scaffold_1915	623	0	0.00	0	0	0	0	0
scaffold_1916	621	0	0.00	0	0	0	0	0
scaffold_1917	617	0	0.00	0	0	0	0	0
scaffold_1918	615	0	0.00	0	0	0	0	0
scaffold_1919	614	0	0.00	0	0	0	0	0
scaffold_192	44038	4	0.09	0	2	0	0	0
scaffold_1920	613	0	0.00	0	0	0	0	0
scaffold_1921	612	0	0.00	0	0	0	0	0
scaffold_1922	611	0	0.00	0	0	0	0	0
scaffold_1923	610	0	0.00	0	0	0	0	0
scaffold_1924	610	0	0.00	0	0	0	0	0
scaffold_1925	609	0	0.00	0	0	0	0	0
scaffold_1926	606	0	0.00	0	0	0	0	0
scaffold_1927	604	0	0.00	0	0	0	0	0
scaffold_1928	603	0	0.00	0	0	0	0	0
scaffold_1929	602	0	0.00	0	0	0	0	0
scaffold_193	43968	4	0.09	0	2	0	0	0
scaffold_1930	601	0	0.00	0	0	0	0	0
scaffold_1931	601	0	0.00	0	0	0	0	0
scaffold_1932	600	0	0.00	0	0	0	0	0
scaffold_1933	600	0	0.00	0	0	0	0	0
scaffold_1934	598	0	0.00	0	0	0	0	0
scaffold_1935	596	0	0.00	0	0	0	0	0
scaffold_1936	595	0	0.00	0	0	0	0	0
scaffold_1937	594	0	0.00	0	0	0	0	0
scaffold_1938	593	0	0.00	0	0	0	0	0
scaffold_1939	593	0	0.00	0	0	0	0	0
scaffold_194	43877	6	0.14	0	3	0	0	0
scaffold_1940	593	0	0.00	0	0	0	0	0
scaffold_1941	593	0	0.00	0	0	0	0	0
scaffold_1942	593	0	0.00	0	0	0	0	0
scaffold_1943	592	0	0.00	0	0	0	0	0
scaffold_1944	590	0	0.00	0	0	0	0	0
scaffold_1945	590	0	0.00	0	0	0	0	0
scaffold_1946	590	0	0.00	0	0	0	0	0
scaffold_1947	589	0	0.00	0	0	0	0	0
scaffold_1948	589	0	0.00	0	0	0	0	0
scaffold_1949	589	0	0.00	0	0	0	0	0
scaffold_195	43435	2	0.05	0	1	0	0	0
scaffold_1950	588	0	0.00	0	0	0	0	0
scaffold_1951	587	0	0.00	0	0	0	0	0
scaffold_1952	584	0	0.00	0	0	0	0	0
scaffold_1953	584	0	0.00	0	0	0	0	0
scaffold_1954	583	0	0.00	0	0	0	0	0
scaffold_1955	583	0	0.00	0	0	0	0	0
scaffold_1956	583	0	0.00	0	0	0	0	0
scaffold_1957	583	0	0.00	0	0	0	0	0
scaffold_1958	582	0	0.00	0	0	0	0	0
scaffold_1959	582	0	0.00	0	0	0	0	0
scaffold_196	43431	2	0.05	0	1	0	0	0
scaffold_1960	580	0	0.00	0	0	0	0	0
scaffold_1961	580	0	0.00	0	0	0	0	0
scaffold_1962	580	0	0.00	0	0	0	0	0
scaffold_1963	580	0	0.00	0	0	0	0	0
scaffold_1964	579	0	0.00	0	0	0	0	0
scaffold_1965	579	0	0.00	0	0	0	0	0
scaffold_1966	576	0	0.00	0	0	0	0	0
scaffold_1967	576	0	0.00	0	0	0	0	0
scaffold_1968	576	0	0.00	0	0	0	0	0
scaffold_1969	576	0	0.00	0	0	0	0	0
scaffold_197	43212	4	0.09	0	2	0	0	0
scaffold_1970	576	0	0.00	0	0	0	0	0
scaffold_1971	575	0	0.00	0	0	0	0	0
scaffold_1972	574	0	0.00	0	0	0	0	0
scaffold_1973	573	0	0.00	0	0	0	0	0
scaffold_1974	572	0	0.00	0	0	0	0	0
scaffold_1975	572	0	0.00	0	0	0	0	0
scaffold_1976	571	0	0.00	0	0	0	0	0
scaffold_1977	571	0	0.00	0	0	0	0	0
scaffold_1978	570	0	0.00	0	0	0	0	0
scaffold_1979	567	0	0.00	0	0	0	0	0
scaffold_198	43202	6	0.14	0	3	0	0	0
scaffold_1980	566	0	0.00	0	0	0	0	0
scaffold_1981	566	0	0.00	0	0	0	0	0
scaffold_1982	566	0	0.00	0	0	0	0	0
scaffold_1983	566	0	0.00	0	0	0	0	0
scaffold_1984	566	0	0.00	0	0	0	0	0
scaffold_1985	565	0	0.00	0	0	0	0	0
scaffold_1986	565	0	0.00	0	0	0	0	0
scaffold_1987	564	0	0.00	0	0	0	0	0
scaffold_1988	562	0	0.00	0	0	0	0	0
scaffold_1989	562	0	0.00	0	0	0	0	0
scaffold_199	43185	2	0.05	0	1	0	0	0
scaffold_1990	561	0	0.00	0	0	0	0	0
scaffold_1991	560	0	0.00	0	0	0	0	0
scaffold_1992	559	0	0.00	0	0	0	0	0
scaffold_1993	558	0	0.00	0	0	0	0	0
scaffold_1994	558	0	0.00	0	0	0	0	0
scaffold_1995	557	0	0.00	0	0	0	0	0
scaffold_1996	557	0	0.00	0	0	0	0	0
scaffold_1997	556	0	0.00	0	0	0	0	0
scaffold_1998	556	0	0.00	0	0	0	0	0
scaffold_1999	555	0	0.00	0	0	0	0	0
scaffold_2	1177145	28	0.02	0	14	0	0	0
scaffold_20	537107	12	0.02	0	6	0	0	0
scaffold_200	43040	2	0.05	0	1	0	0	0
scaffold_2000	555	0	0.00	0	0	0	0	0
scaffold_2001	555	0	0.00	0	0	0	0	0
scaffold_2002	551	0	0.00	0	0	0	0	0
scaffold_2003	551	0	0.00	0	0	0	0	0
scaffold_2004	550	0	0.00	0	0	0	0	0
scaffold_2005	550	0	0.00	0	0	0	0	0
scaffold_2006	550	0	0.00	0	0	0	0	0
scaffold_2007	549	0	0.00	0	0	0	0	0
scaffold_2008	549	0	0.00	0	0	0	0	0
scaffold_2009	549	0	0.00	0	0	0	0	0
scaffold_201	42996	16	0.37	0	8	0	0	0
scaffold_2010	548	0	0.00	0	0	0	0	0
scaffold_2011	547	0	0.00	0	0	0	0	0
scaffold_2012	546	0	0.00	0	0	0	0	0
scaffold_2013	545	0	0.00	0	0	0	0	0
scaffold_2014	545	0	0.00	0	0	0	0	0
scaffold_2015	544	0	0.00	0	0	0	0	0
scaffold_2016	544	0	0.00	0	0	0	0	0
scaffold_2017	544	0	0.00	0	0	0	0	0
scaffold_2018	543	0	0.00	0	0	0	0	0
scaffold_2019	539	0	0.00	0	0	0	0	0
scaffold_202	42838	2	0.05	0	1	0	0	0
scaffold_2020	538	0	0.00	0	0	0	0	0
scaffold_2021	537	0	0.00	0	0	0	0	0
scaffold_2022	537	0	0.00	0	0	0	0	0
scaffold_2023	537	0	0.00	0	0	0	0	0
scaffold_2024	535	0	0.00	0	0	0	0	0
scaffold_2025	534	0	0.00	0	0	0	0	0
scaffold_2026	534	0	0.00	0	0	0	0	0
scaffold_2027	534	0	0.00	0	0	0	0	0
scaffold_2028	533	0	0.00	0	0	0	0	0
scaffold_2029	533	0	0.00	0	0	0	0	0
scaffold_203	42805	8	0.19	0	4	0	0	0
scaffold_2030	533	0	0.00	0	0	0	0	0
scaffold_2031	532	0	0.00	0	0	0	0	0
scaffold_2032	532	0	0.00	0	0	0	0	0
scaffold_2033	532	0	0.00	0	0	0	0	0
scaffold_2034	532	0	0.00	0	0	0	0	0
scaffold_2035	532	0	0.00	0	0	0	0	0
scaffold_2036	532	0	0.00	0	0	0	0	0
scaffold_2037	531	0	0.00	0	0	0	0	0
scaffold_2038	531	0	0.00	0	0	0	0	0
scaffold_2039	530	0	0.00	0	0	0	0	0
scaffold_204	42801	2	0.05	0	1	0	0	0
scaffold_2040	530	0	0.00	0	0	0	0	0
scaffold_2041	530	0	0.00	0	0	0	0	0
scaffold_2042	530	0	0.00	0	0	0	0	0
scaffold_2043	530	0	0.00	0	0	0	0	0
scaffold_2044	529	0	0.00	0	0	0	0	0
scaffold_2045	529	0	0.00	0	0	0	0	0
scaffold_2046	525	0	0.00	0	0	0	0	0
scaffold_2047	525	0	0.00	0	0	0	0	0
scaffold_2048	524	0	0.00	0	0	0	0	0
scaffold_2049	523	0	0.00	0	0	0	0	0
scaffold_205	42346	6	0.14	0	3	0	0	0
scaffold_2050	523	0	0.00	0	0	0	0	0
scaffold_2051	523	0	0.00	0	0	0	0	0
scaffold_2052	523	0	0.00	0	0	0	0	0
scaffold_2053	523	0	0.00	0	0	0	0	0
scaffold_2054	522	0	0.00	0	0	0	0	0
scaffold_2055	522	0	0.00	0	0	0	0	0
scaffold_2056	522	0	0.00	0	0	0	0	0
scaffold_2057	521	0	0.00	0	0	0	0	0
scaffold_2058	521	0	0.00	0	0	0	0	0
scaffold_2059	521	0	0.00	0	0	0	0	0
scaffold_206	42086	12	0.29	0	6	0	0	0
scaffold_2060	519	0	0.00	0	0	0	0	0
scaffold_2061	519	0	0.00	0	0	0	0	0
scaffold_2062	519	0	0.00	0	0	0	0	0
scaffold_2063	518	0	0.00	0	0	0	0	0
scaffold_2064	518	0	0.00	0	0	0	0	0
scaffold_2065	517	0	0.00	0	0	0	0	0
scaffold_2066	517	0	0.00	0	0	0	0	0
scaffold_2067	514	0	0.00	0	0	0	0	0
scaffold_2068	514	0	0.00	0	0	0	0	0
scaffold_2069	513	0	0.00	0	0	0	0	0
scaffold_207	41976	10	0.24	0	5	0	0	0
scaffold_2070	513	0	0.00	0	0	0	0	0
scaffold_2071	512	0	0.00	0	0	0	0	0
scaffold_2072	511	0	0.00	0	0	0	0	0
scaffold_2073	511	0	0.00	0	0	0	0	0
scaffold_2074	511	0	0.00	0	0	0	0	0
scaffold_2075	510	0	0.00	0	0	0	0	0
scaffold_2076	509	0	0.00	0	0	0	0	0
scaffold_2077	509	0	0.00	0	0	0	0	0
scaffold_2078	508	0	0.00	0	0	0	0	0
scaffold_2079	507	0	0.00	0	0	0	0	0
scaffold_208	41756	8	0.19	0	4	0	0	0
scaffold_2080	506	0	0.00	0	0	0	0	0
scaffold_2081	505	0	0.00	0	0	0	0	0
scaffold_2082	503	0	0.00	0	0	0	0	0
scaffold_2083	503	0	0.00	0	0	0	0	0
scaffold_2084	501	0	0.00	0	0	0	0	0
scaffold_2085	500	0	0.00	0	0	0	0	0
scaffold_2086	500	0	0.00	0	0	0	0	0
scaffold_2087	500	0	0.00	0	0	0	0	0
scaffold_2088	500	0	0.00	0	0	0	0	0
scaffold_209	41512	6	0.14	0	3	0	0	0
scaffold_21	528051	16	0.03	0	8	0	0	0
scaffold_210	41296	10	0.24	0	5	0	0	0
scaffold_211	41149	4	0.10	0	2	0	0	0
scaffold_212	40863	0	0.00	0	0	0	0	0
scaffold_213	40817	12	0.29	0	6	0	0	0
scaffold_214	40609	4	0.10	0	2	0	0	0
scaffold_215	40470	2	0.05	0	1	0	0	0
scaffold_216	40219	4	0.10	0	2	0	0	0
scaffold_217	40212	0	0.00	0	0	0	0	0
scaffold_218	39909	8	0.20	0	4	0	0	0
scaffold_219	39500	2	0.05	0	1	0	0	0
scaffold_22	517268	14	0.03	0	7	0	0	0
scaffold_220	39367	6	0.15	0	3	0	0	0
scaffold_221	39364	2	0.05	0	1	0	0	0
scaffold_222	39309	6	0.15	0	3	0	0	0
scaffold_223	39222	2	0.05	0	1	0	0	0
scaffold_224	38964	10	0.26	0	5	0	0	0
scaffold_225	38852	0	0.00	0	0	0	0	0
scaffold_226	38834	10	0.26	0	5	0	0	0
scaffold_227	38423	4	0.10	0	2	0	0	0
scaffold_228	38367	4	0.10	0	2	0	0	0
scaffold_229	38353	0	0.00	0	0	0	0	0
scaffold_23	507646	14	0.03	0	7	0	0	0
scaffold_230	38345	4	0.10	0	2	0	0	0
scaffold_231	38341	4	0.10	0	2	0	0	0
scaffold_232	38335	8	0.21	0	4	0	0	0
scaffold_233	38252	8	0.21	0	4	0	0	0
scaffold_234	38237	6	0.16	0	3	0	0	0
scaffold_235	37908	0	0.00	0	0	0	0	0
scaffold_236	37903	4	0.11	0	2	0	0	0
scaffold_237	37683	2	0.05	0	1	0	0	0
scaffold_238	37646	6	0.16	0	3	0	0	0
scaffold_239	37630	2	0.05	0	1	0	0	0
scaffold_24	460141	16	0.03	0	8	0	0	0
scaffold_240	37544	4	0.11	0	2	0	0	0
scaffold_241	37458	4	0.11	0	2	0	0	0
scaffold_242	37294	6	0.16	0	3	0	0	0
scaffold_243	37151	4	0.11	0	2	0	0	0
scaffold_244	37145	8	0.22	0	4	0	0	0
scaffold_245	37020	4	0.11	0	2	0	0	0
scaffold_246	36921	6	0.16	0	3	0	0	0
scaffold_247	36883	6	0.16	0	3	0	0	0
scaffold_248	36510	4	0.11	0	2	0	0	0
scaffold_249	36380	0	0.00	0	0	0	0	0
scaffold_25	448182	16	0.04	0	8	0	0	0
scaffold_250	36292	2	0.06	0	1	0	0	0
scaffold_251	36218	12	0.33	0	6	0	0	0
scaffold_252	36069	12	0.33	0	6	0	0	0
scaffold_253	36033	18	0.50	0	9	0	0	0
scaffold_254	36021	6	0.17	0	3	0	0	0
scaffold_255	35643	8	0.22	0	4	0	0	0
scaffold_256	35359	0	0.00	0	0	0	0	0
scaffold_257	35343	6	0.17	0	3	0	0	0
scaffold_258	35195	6	0.17	0	3	0	0	0
scaffold_259	35004	10	0.29	0	5	0	0	0
scaffold_26	417140	6	0.01	0	3	0	0	0
scaffold_260	35003	0	0.00	0	0	0	0	0
scaffold_261	34948	4	0.11	0	2	0	0	0
scaffold_262	34802	4	0.11	0	2	0	0	0
scaffold_263	34777	4	0.12	0	2	0	0	0
scaffold_264	34756	0	0.00	0	0	0	0	0
scaffold_265	34702	4	0.12	0	2	0	0	0
scaffold_266	34678	20	0.58	0	10	0	0	0
scaffold_267	34636	2	0.06	0	1	0	0	0
scaffold_268	34603	2	0.06	0	1	0	0	0
scaffold_269	34577	6	0.17	0	3	0	0	0
scaffold_27	397492	16	0.04	0	8	0	0	0
scaffold_270	34431	2	0.06	0	1	0	0	0
scaffold_271	34418	4	0.12	0	2	0	0	0
scaffold_272	34399	4	0.12	0	2	0	0	0
scaffold_273	34150	0	0.00	0	0	0	0	0
scaffold_274	34051	4	0.12	0	2	0	0	0
scaffold_275	33925	2	0.06	0	1	0	0	0
scaffold_276	33910	0	0.00	0	0	0	0	0
scaffold_277	33507	8	0.24	0	4	0	0	0
scaffold_278	33485	6	0.18	0	3	0	0	0
scaffold_279	33465	6	0.18	0	3	0	0	0
scaffold_28	392446	18	0.05	0	9	0	0	0
scaffold_280	33235	2	0.06	0	1	0	0	0
scaffold_281	33093	6	0.18	0	3	0	0	0
scaffold_282	32984	2	0.06	0	1	0	0	0
scaffold_283	32860	6	0.18	0	3	0	0	0
scaffold_284	32762	28	0.85	0	14	0	0	0
scaffold_285	32747	4	0.12	0	2	0	0	0
scaffold_286	32698	2	0.06	0	1	0	0	0
scaffold_287	32640	2	0.06	0	1	0	0	0
scaffold_288	32593	8	0.25	0	4	0	0	0
scaffold_289	32562	6	0.18	0	3	0	0	0
scaffold_29	369770	18	0.05	0	9	0	0	0
scaffold_290	32515	8	0.25	0	4	0	0	0
scaffold_291	32489	6	0.18	0	3	0	0	0
scaffold_292	32456	4	0.12	0	2	0	0	0
scaffold_293	32180	2	0.06	0	1	0	0	0
scaffold_294	32145	2	0.06	0	1	0	0	0
scaffold_295	31896	6	0.19	0	3	0	0	0
scaffold_296	31801	10	0.31	0	5	0	0	0
scaffold_297	31715	2	0.06	0	1	0	0	0
scaffold_298	31417	8	0.25	0	4	0	0	0
scaffold_299	31401	10	0.32	0	5	0	0	0
scaffold_3	1091668	38	0.03	0	19	0	0	0
scaffold_30	368799	22	0.06	0	11	0	0	0
scaffold_300	31258	2	0.06	0	1	0	0	0
scaffold_301	31179	2	0.06	0	1	0	0	0
scaffold_302	31172	4	0.13	0	2	0	0	0
scaffold_303	31106	6	0.19	0	3	0	0	0
scaffold_304	31061	2	0.06	0	1	0	0	0
scaffold_305	31001	2	0.06	0	1	0	0	0
scaffold_306	30826	2	0.06	0	1	0	0	0
scaffold_307	30496	6	0.20	0	3	0	0	0
scaffold_308	30487	4	0.13	0	2	0	0	0
scaffold_309	30417	8	0.26	0	4	0	0	0
scaffold_31	364697	10	0.03	0	5	0	0	0
scaffold_310	30123	2	0.07	0	1	0	0	0
scaffold_311	30014	2	0.07	0	1	0	0	0
scaffold_312	30012	10	0.33	0	5	0	0	0
scaffold_313	29918	0	0.00	0	0	0	0	0
scaffold_314	29694	0	0.00	0	0	0	0	0
scaffold_315	29683	0	0.00	0	0	0	0	0
scaffold_316	29577	2	0.07	0	1	0	0	0
scaffold_317	29424	2	0.07	0	1	0	0	0
scaffold_318	29404	4	0.14	0	2	0	0	0
scaffold_319	29344	0	0.00	0	0	0	0	0
scaffold_32	360634	8	0.02	0	4	0	0	0
scaffold_320	29295	0	0.00	0	0	0	0	0
scaffold_321	28838	8	0.28	0	4	0	0	0
scaffold_322	28661	4	0.14	0	2	0	0	0
scaffold_323	28626	2	0.07	0	1	0	0	0
scaffold_324	28569	0	0.00	0	0	0	0	0
scaffold_325	28450	2	0.07	0	1	0	0	0
scaffold_326	28384	4	0.14	0	2	0	0	0
scaffold_327	28382	4	0.14	0	2	0	0	0
scaffold_328	28254	0	0.00	0	0	0	0	0
scaffold_329	28234	4	0.14	0	2	0	0	0
scaffold_33	356258	12	0.03	0	6	0	0	0
scaffold_330	28154	4	0.14	0	2	0	0	0
scaffold_331	28107	0	0.00	0	0	0	0	0
scaffold_332	28070	12	0.43	0	6	0	0	0
scaffold_333	27910	6	0.21	0	3	0	0	0
scaffold_334	27677	4	0.14	0	2	0	0	0
scaffold_335	27611	2	0.07	0	1	0	0	0
scaffold_336	27555	4	0.15	0	2	0	0	0
scaffold_337	27447	0	0.00	0	0	0	0	0
scaffold_338	27427	2	0.07	0	1	0	0	0
scaffold_339	27427	0	0.00	0	0	0	0	0
scaffold_34	345860	4	0.01	0	2	0	0	0
scaffold_340	27407	12	0.44	0	6	0	0	0
scaffold_341	27392	10	0.37	0	5	0	0	0
scaffold_342	27254	0	0.00	0	0	0	0	0
scaffold_343	27188	6	0.22	0	3	0	0	0
scaffold_344	26991	10	0.37	0	5	0	0	0
scaffold_345	26893	6	0.22	0	3	0	0	0
scaffold_346	26884	2	0.07	0	1	0	0	0
scaffold_347	26627	6	0.23	0	3	0	0	0
scaffold_348	26530	6	0.23	0	3	0	0	0
scaffold_349	26350	2	0.08	0	1	0	0	0
scaffold_35	345244	10	0.03	0	5	0	0	0
scaffold_350	26330	6	0.23	0	3	0	0	0
scaffold_351	26312	6	0.23	0	3	0	0	0
scaffold_352	26232	4	0.15	0	2	0	0	0
scaffold_353	26017	4	0.15	0	2	0	0	0
scaffold_354	26007	0	0.00	0	0	0	0	0
scaffold_355	25713	2	0.08	0	1	0	0	0
scaffold_356	25620	4	0.16	0	2	0	0	0
scaffold_357	25556	4	0.16	0	2	0	0	0
scaffold_358	25208	2	0.08	0	1	0	0	0
scaffold_359	25177	2	0.08	0	1	0	0	0
scaffold_36	341525	6	0.02	0	3	0	0	0
scaffold_360	25041	2	0.08	0	1	0	0	0
scaffold_361	24992	6	0.24	0	3	0	0	0
scaffold_362	24913	6	0.24	0	3	0	0	0
scaffold_363	24893	4	0.16	0	2	0	0	0
scaffold_364	24830	46	1.85	0	23	0	0	0
scaffold_365	24763	4	0.16	0	2	0	0	0
scaffold_366	24709	2	0.08	0	1	0	0	0
scaffold_367	24563	4	0.16	0	2	0	0	0
scaffold_368	24468	8	0.33	0	4	0	0	0
scaffold_369	24408	2	0.08	0	1	0	0	0
scaffold_37	333727	4	0.01	0	2	0	0	0
scaffold_370	24397	6	0.25	0	3	0	0	0
scaffold_371	24152	2	0.08	0	1	0	0	0
scaffold_372	24045	4	0.17	0	2	0	0	0
scaffold_373	23863	0	0.00	0	0	0	0	0
scaffold_374	23735	0	0.00	0	0	0	0	0
scaffold_375	23498	4	0.17	0	2	0	0	0
scaffold_376	23478	2	0.09	0	1	0	0	0
scaffold_377	23418	2	0.09	0	1	0	0	0
scaffold_378	23324	0	0.00	0	0	0	0	0
scaffold_379	23303	4	0.17	0	2	0	0	0
scaffold_38	333138	12	0.04	0	6	0	0	0
scaffold_380	23271	4	0.17	0	2	0	0	0
scaffold_381	23191	2	0.09	0	1	0	0	0
scaffold_382	23182	4	0.17	0	2	0	0	0
scaffold_383	23136	4	0.17	0	2	0	0	0
scaffold_384	23127	2	0.09	0	1	0	0	0
scaffold_385	23108	4	0.17	0	2	0	0	0
scaffold_386	23033	0	0.00	0	0	0	0	0
scaffold_387	22813	2	0.09	0	1	0	0	0
scaffold_388	22667	0	0.00	0	0	0	0	0
scaffold_389	22474	0	0.00	0	0	0	0	0
scaffold_39	310455	8	0.03	0	4	0	0	0
scaffold_390	22340	6	0.27	0	3	0	0	0
scaffold_391	22308	6	0.27	0	3	0	0	0
scaffold_392	22248	0	0.00	0	0	0	0	0
scaffold_393	22236	4	0.18	0	2	0	0	0
scaffold_394	22203	6	0.27	0	3	0	0	0
scaffold_395	22062	4	0.18	0	2	0	0	0
scaffold_396	21976	4	0.18	0	2	0	0	0
scaffold_397	21905	4	0.18	0	2	0	0	0
scaffold_398	21856	0	0.00	0	0	0	0	0
scaffold_399	21593	0	0.00	0	0	0	0	0
scaffold_4	1020370	40	0.04	0	20	0	0	0
scaffold_40	304074	6	0.02	0	3	0	0	0
scaffold_400	21452	2	0.09	0	1	0	0	0
scaffold_401	21356	6	0.28	0	3	0	0	0
scaffold_402	21349	0	0.00	0	0	0	0	0
scaffold_403	21240	2	0.09	0	1	0	0	0
scaffold_404	21127	0	0.00	0	0	0	0	0
scaffold_405	21113	0	0.00	0	0	0	0	0
scaffold_406	20925	2	0.10	0	1	0	0	0
scaffold_407	20842	4	0.19	0	2	0	0	0
scaffold_408	20815	0	0.00	0	0	0	0	0
scaffold_409	20778	6	0.29	0	3	0	0	0
scaffold_41	302807	6	0.02	0	3	0	0	0
scaffold_410	20696	4	0.19	0	2	0	0	0
scaffold_411	20655	0	0.00	0	0	0	0	0
scaffold_412	20581	0	0.00	0	0	0	0	0
scaffold_413	20580	6	0.29	0	3	0	0	0
scaffold_414	20573	0	0.00	0	0	0	0	0
scaffold_415	20558	6	0.29	0	3	0	0	0
scaffold_416	20510	2	0.10	0	1	0	0	0
scaffold_417	20480	2	0.10	0	1	0	0	0
scaffold_418	20249	2	0.10	0	1	0	0	0
scaffold_419	20177	8	0.40	0	4	0	0	0
scaffold_42	282194	20	0.07	0	10	0	0	0
scaffold_420	20086	0	0.00	0	0	0	0	0
scaffold_421	20045	0	0.00	0	0	0	0	0
scaffold_422	19945	0	0.00	0	0	0	0	0
scaffold_423	19861	0	0.00	0	0	0	0	0
scaffold_424	19827	0	0.00	0	0	0	0	0
scaffold_425	19795	18	0.91	0	9	0	0	0
scaffold_426	19615	2	0.10	0	1	0	0	0
scaffold_427	19421	2	0.10	0	1	0	0	0
scaffold_428	19304	2	0.10	0	1	0	0	0
scaffold_429	19250	4	0.21	0	2	0	0	0
scaffold_43	270805	14	0.05	0	7	0	0	0
scaffold_430	19207	2	0.10	0	1	0	0	0
scaffold_431	19181	8	0.42	0	4	0	0	0
scaffold_432	19165	4	0.21	0	2	0	0	0
scaffold_433	19027	0	0.00	0	0	0	0	0
scaffold_434	19023	4	0.21	0	2	0	0	0
scaffold_435	18951	4	0.21	0	2	0	0	0
scaffold_436	18935	2	0.11	0	1	0	0	0
scaffold_437	18901	0	0.00	0	0	0	0	0
scaffold_438	18886	2	0.11	0	1	0	0	0
scaffold_439	18846	2	0.11	0	1	0	0	0
scaffold_44	264574	8	0.03	0	4	0	0	0
scaffold_440	18811	2	0.11	0	1	0	0	0
scaffold_441	18773	0	0.00	0	0	0	0	0
scaffold_442	18725	0	0.00	0	0	0	0	0
scaffold_443	18621	0	0.00	0	0	0	0	0
scaffold_444	18417	4	0.22	0	2	0	0	0
scaffold_445	18332	2	0.11	0	1	0	0	0
scaffold_446	18293	0	0.00	0	0	0	0	0
scaffold_447	18236	2	0.11	0	1	0	0	0
scaffold_448	18100	10	0.55	0	5	0	0	0
scaffold_449	18056	2	0.11	0	1	0	0	0
scaffold_45	248213	0	0.00	0	0	0	0	0
scaffold_450	18014	4	0.22	0	2	0	0	0
scaffold_451	17947	12	0.67	0	6	0	0	0
scaffold_452	17857	8	0.45	0	4	0	0	0
scaffold_453	17841	2	0.11	0	1	0	0	0
scaffold_454	17722	2	0.11	0	1	0	0	0
scaffold_455	17552	0	0.00	0	0	0	0	0
scaffold_456	17442	0	0.00	0	0	0	0	0
scaffold_457	17392	0	0.00	0	0	0	0	0
scaffold_458	17374	0	0.00	0	0	0	0	0
scaffold_459	17282	6	0.35	0	3	0	0	0
scaffold_46	236380	2	0.01	0	1	0	0	0
scaffold_460	17098	2	0.12	0	1	0	0	0
scaffold_461	17076	0	0.00	0	0	0	0	0
scaffold_462	17063	0	0.00	0	0	0	0	0
scaffold_463	17059	2	0.12	0	1	0	0	0
scaffold_464	17014	4	0.24	0	2	0	0	0
scaffold_465	16806	0	0.00	0	0	0	0	0
scaffold_466	16805	0	0.00	0	0	0	0	0
scaffold_467	16780	8	0.48	0	4	0	0	0
scaffold_468	16523	6	0.36	0	3	0	0	0
scaffold_469	16441	6	0.36	0	3	0	0	0
scaffold_47	234088	10	0.04	0	5	0	0	0
scaffold_470	16390	6	0.37	0	3	0	0	0
scaffold_471	16388	2	0.12	0	1	0	0	0
scaffold_472	16318	0	0.00	0	0	0	0	0
scaffold_473	16316	4	0.25	0	2	0	0	0
scaffold_474	16305	2	0.12	0	1	0	0	0
scaffold_475	16290	4	0.25	0	2	0	0	0
scaffold_476	16167	4	0.25	0	2	0	0	0
scaffold_477	16095	0	0.00	0	0	0	0	0
scaffold_478	15853	0	0.00	0	0	0	0	0
scaffold_479	15851	0	0.00	0	0	0	0	0
scaffold_48	233377	4	0.02	0	2	0	0	0
scaffold_480	15785	2	0.13	0	1	0	0	0
scaffold_481	15682	2	0.13	0	1	0	0	0
scaffold_482	15629	2	0.13	0	1	0	0	0
scaffold_483	15583	2	0.13	0	1	0	0	0
scaffold_484	15529	0	0.00	0	0	0	0	0
scaffold_485	15409	2	0.13	0	1	0	0	0
scaffold_486	15327	0	0.00	0	0	0	0	0
scaffold_487	15255	0	0.00	0	0	0	0	0
scaffold_488	15154	2	0.13	0	1	0	0	0
scaffold_489	15102	0	0.00	0	0	0	0	0
scaffold_49	204495	2	0.01	0	1	0	0	0
scaffold_490	15033	4	0.27	0	2	0	0	0
scaffold_491	14986	2	0.13	0	1	0	0	0
scaffold_492	14981	2	0.13	0	1	0	0	0
scaffold_493	14772	0	0.00	0	0	0	0	0
scaffold_494	14626	6	0.41	0	3	0	0	0
scaffold_495	14607	2	0.14	0	1	0	0	0
scaffold_496	14598	2	0.14	0	1	0	0	0
scaffold_497	14573	0	0.00	0	0	0	0	0
scaffold_498	14432	0	0.00	0	0	0	0	0
scaffold_499	14357	0	0.00	0	0	0	0	0
scaffold_5	1005558	24	0.02	0	12	0	0	0
scaffold_50	203657	6	0.03	0	3	0	0	0
scaffold_500	14269	0	0.00	0	0	0	0	0
scaffold_501	14188	2	0.14	0	1	0	0	0
scaffold_502	14176	0	0.00	0	0	0	0	0
scaffold_503	14173	2	0.14	0	1	0	0	0
scaffold_504	14160	2	0.14	0	1	0	0	0
scaffold_505	14123	2	0.14	0	1	0	0	0
scaffold_506	13992	0	0.00	0	0	0	0	0
scaffold_507	13971	2	0.14	0	1	0	0	0
scaffold_508	13970	8	0.57	0	4	0	0	0
scaffold_509	13956	4	0.29	0	2	0	0	0
scaffold_51	190677	8	0.04	0	4	0	0	0
scaffold_510	13946	6	0.43	0	3	0	0	0
scaffold_511	13940	0	0.00	0	0	0	0	0
scaffold_512	13923	4	0.29	0	2	0	0	0
scaffold_513	13885	0	0.00	0	0	0	0	0
scaffold_514	13874	2	0.14	0	1	0	0	0
scaffold_515	13829	2	0.14	0	1	0	0	0
scaffold_516	13787	0	0.00	0	0	0	0	0
scaffold_517	13728	2	0.15	0	1	0	0	0
scaffold_518	13696	4	0.29	0	2	0	0	0
scaffold_519	13564	0	0.00	0	0	0	0	0
scaffold_52	188890	20	0.11	0	10	0	0	0
scaffold_520	13557	2	0.15	0	1	0	0	0
scaffold_521	13548	2	0.15	0	1	0	0	0
scaffold_522	13437	0	0.00	0	0	0	0	0
scaffold_523	13430	0	0.00	0	0	0	0	0
scaffold_524	13362	6	0.45	0	3	0	0	0
scaffold_525	13220	0	0.00	0	0	0	0	0
scaffold_526	13185	0	0.00	0	0	0	0	0
scaffold_527	13022	2	0.15	0	1	0	0	0
scaffold_528	12869	2	0.16	0	1	0	0	0
scaffold_529	12868	0	0.00	0	0	0	0	0
scaffold_53	187838	2	0.01	0	1	0	0	0
scaffold_530	12858	4	0.31	0	2	0	0	0
scaffold_531	12667	4	0.32	0	2	0	0	0
scaffold_532	12660	2	0.16	0	1	0	0	0
scaffold_533	12626	0	0.00	0	0	0	0	0
scaffold_534	12519	0	0.00	0	0	0	0	0
scaffold_535	12452	4	0.32	0	2	0	0	0
scaffold_536	12441	2	0.16	0	1	0	0	0
scaffold_537	12416	4	0.32	0	2	0	0	0
scaffold_538	12372	4	0.32	0	2	0	0	0
scaffold_539	12326	6	0.49	0	3	0	0	0
scaffold_54	185610	8	0.04	0	4	0	0	0
scaffold_540	12261	6	0.49	0	3	0	0	0
scaffold_541	12253	2	0.16	0	1	0	0	0
scaffold_542	12214	0	0.00	0	0	0	0	0
scaffold_543	12206	2	0.16	0	1	0	0	0
scaffold_544	12176	2	0.16	0	1	0	0	0
scaffold_545	12107	0	0.00	0	0	0	0	0
scaffold_546	12095	0	0.00	0	0	0	0	0
scaffold_547	12046	4	0.33	0	2	0	0	0
scaffold_548	12015	0	0.00	0	0	0	0	0
scaffold_549	11976	4	0.33	0	2	0	0	0
scaffold_55	178294	10	0.06	0	5	0	0	0
scaffold_550	11763	2	0.17	0	1	0	0	0
scaffold_551	11710	0	0.00	0	0	0	0	0
scaffold_552	11685	2	0.17	0	1	0	0	0
scaffold_553	11667	4	0.34	0	2	0	0	0
scaffold_554	11613	0	0.00	0	0	0	0	0
scaffold_555	11565	6	0.52	0	3	0	0	0
scaffold_556	11547	0	0.00	0	0	0	0	0
scaffold_557	11478	0	0.00	0	0	0	0	0
scaffold_558	11422	0	0.00	0	0	0	0	0
scaffold_559	11395	0	0.00	0	0	0	0	0
scaffold_56	178254	4	0.02	0	2	0	0	0
scaffold_560	11361	0	0.00	0	0	0	0	0
scaffold_561	11268	2	0.18	0	1	0	0	0
scaffold_562	11126	0	0.00	0	0	0	0	0
scaffold_563	11120	2	0.18	0	1	0	0	0
scaffold_564	11026	0	0.00	0	0	0	0	0
scaffold_565	10990	0	0.00	0	0	0	0	0
scaffold_566	10968	0	0.00	0	0	0	0	0
scaffold_567	10908	2	0.18	0	1	0	0	0
scaffold_568	10832	2	0.18	0	1	0	0	0
scaffold_569	10788	0	0.00	0	0	0	0	0
scaffold_57	171562	2	0.01	0	1	0	0	0
scaffold_570	10725	0	0.00	0	0	0	0	0
scaffold_571	10712	4	0.37	0	2	0	0	0
scaffold_572	10585	2	0.19	0	1	0	0	0
scaffold_573	10555	2	0.19	0	1	0	0	0
scaffold_574	10510	0	0.00	0	0	0	0	0
scaffold_575	10474	2	0.19	0	1	0	0	0
scaffold_576	10449	2	0.19	0	1	0	0	0
scaffold_577	10401	0	0.00	0	0	0	0	0
scaffold_578	10346	0	0.00	0	0	0	0	0
scaffold_579	10303	2	0.19	0	1	0	0	0
scaffold_58	161512	4	0.02	0	2	0	0	0
scaffold_580	10261	4	0.39	0	2	0	0	0
scaffold_581	10011	2	0.20	0	1	0	0	0
scaffold_582	10000	10	1.00	0	5	0	0	0
scaffold_583	9984	2	0.20	0	1	0	0	0
scaffold_584	9888	0	0.00	0	0	0	0	0
scaffold_585	9857	2	0.20	0	1	0	0	0
scaffold_586	9856	0	0.00	0	0	0	0	0
scaffold_587	9781	0	0.00	0	0	0	0	0
scaffold_588	9779	2	0.20	0	1	0	0	0
scaffold_589	9593	2	0.21	0	1	0	0	0
scaffold_59	161482	8	0.05	0	4	0	0	0
scaffold_590	9527	2	0.21	0	1	0	0	0
scaffold_591	9453	2	0.21	0	1	0	0	0
scaffold_592	9445	0	0.00	0	0	0	0	0
scaffold_593	9423	6	0.64	0	3	0	0	0
scaffold_594	9184	0	0.00	0	0	0	0	0
scaffold_595	9176	0	0.00	0	0	0	0	0
scaffold_596	9120	0	0.00	0	0	0	0	0
scaffold_597	9098	0	0.00	0	0	0	0	0
scaffold_598	9081	4	0.44	0	2	0	0	0
scaffold_599	8976	0	0.00	0	0	0	0	0
scaffold_6	965068	48	0.05	0	24	0	0	0
scaffold_60	142521	4	0.03	0	2	0	0	0
scaffold_600	8960	0	0.00	0	0	0	0	0
scaffold_601	8935	0	0.00	0	0	0	0	0
scaffold_602	8911	0	0.00	0	0	0	0	0
scaffold_603	8866	2	0.23	0	1	0	0	0
scaffold_604	8858	0	0.00	0	0	0	0	0
scaffold_605	8822	4	0.45	0	2	0	0	0
scaffold_606	8780	0	0.00	0	0	0	0	0
scaffold_607	8748	2	0.23	0	1	0	0	0
scaffold_608	8721	2	0.23	0	1	0	0	0
scaffold_609	8694	0	0.00	0	0	0	0	0
scaffold_61	139115	2	0.01	0	1	0	0	0
scaffold_610	8657	0	0.00	0	0	0	0	0
scaffold_611	8607	2	0.23	0	1	0	0	0
scaffold_612	8595	4	0.47	0	2	0	0	0
scaffold_613	8563	0	0.00	0	0	0	0	0
scaffold_614	8482	0	0.00	0	0	0	0	0
scaffold_615	8453	0	0.00	0	0	0	0	0
scaffold_616	8405	0	0.00	0	0	0	0	0
scaffold_617	8403	0	0.00	0	0	0	0	0
scaffold_618	8326	2	0.24	0	1	0	0	0
scaffold_619	8326	2	0.24	0	1	0	0	0
scaffold_62	138052	20	0.14	0	10	0	0	0
scaffold_620	8309	0	0.00	0	0	0	0	0
scaffold_621	8289	0	0.00	0	0	0	0	0
scaffold_622	8256	4	0.48	0	2	0	0	0
scaffold_623	8222	4	0.49	0	2	0	0	0
scaffold_624	8101	2	0.25	0	1	0	0	0
scaffold_625	8096	0	0.00	0	0	0	0	0
scaffold_626	8083	2	0.25	0	1	0	0	0
scaffold_627	8038	0	0.00	0	0	0	0	0
scaffold_628	8029	0	0.00	0	0	0	0	0
scaffold_629	8004	2	0.25	0	1	0	0	0
scaffold_63	131871	6	0.05	0	3	0	0	0
scaffold_630	7960	0	0.00	0	0	0	0	0
scaffold_631	7899	0	0.00	0	0	0	0	0
scaffold_632	7804	0	0.00	0	0	0	0	0
scaffold_633	7804	0	0.00	0	0	0	0	0
scaffold_634	7798	2	0.26	0	1	0	0	0
scaffold_635	7735	2	0.26	0	1	0	0	0
scaffold_636	7729	0	0.00	0	0	0	0	0
scaffold_637	7709	0	0.00	0	0	0	0	0
scaffold_638	7673	0	0.00	0	0	0	0	0
scaffold_639	7666	0	0.00	0	0	0	0	0
scaffold_64	131355	0	0.00	0	0	0	0	0
scaffold_640	7644	0	0.00	0	0	0	0	0
scaffold_641	7574	0	0.00	0	0	0	0	0
scaffold_642	7523	0	0.00	0	0	0	0	0
scaffold_643	7504	0	0.00	0	0	0	0	0
scaffold_644	7493	2	0.27	0	1	0	0	0
scaffold_645	7386	0	0.00	0	0	0	0	0
scaffold_646	7302	0	0.00	0	0	0	0	0
scaffold_647	7302	2	0.27	0	1	0	0	0
scaffold_648	7270	0	0.00	0	0	0	0	0
scaffold_649	7265	0	0.00	0	0	0	0	0
scaffold_65	129936	0	0.00	0	0	0	0	0
scaffold_650	7244	0	0.00	0	0	0	0	0
scaffold_651	7234	0	0.00	0	0	0	0	0
scaffold_652	7126	0	0.00	0	0	0	0	0
scaffold_653	7125	0	0.00	0	0	0	0	0
scaffold_654	7115	0	0.00	0	0	0	0	0
scaffold_655	7112	4	0.56	0	2	0	0	0
scaffold_656	7111	0	0.00	0	0	0	0	0
scaffold_657	7103	4	0.56	0	2	0	0	0
scaffold_658	7047	0	0.00	0	0	0	0	0
scaffold_659	6993	2	0.29	0	1	0	0	0
scaffold_66	129914	0	0.00	0	0	0	0	0
scaffold_660	6970	0	0.00	0	0	0	0	0
scaffold_661	6936	0	0.00	0	0	0	0	0
scaffold_662	6923	2	0.29	0	1	0	0	0
scaffold_663	6914	2	0.29	0	1	0	0	0
scaffold_664	6807	0	0.00	0	0	0	0	0
scaffold_665	6729	0	0.00	0	0	0	0	0
scaffold_666	6712	4	0.60	0	2	0	0	0
scaffold_667	6706	4	0.60	0	2	0	0	0
scaffold_668	6702	2	0.30	0	1	0	0	0
scaffold_669	6698	0	0.00	0	0	0	0	0
scaffold_67	128541	22	0.17	0	11	0	0	0
scaffold_670	6698	0	0.00	0	0	0	0	0
scaffold_671	6691	4	0.60	0	2	0	0	0
scaffold_672	6659	4	0.60	0	2	0	0	0
scaffold_673	6595	0	0.00	0	0	0	0	0
scaffold_674	6511	0	0.00	0	0	0	0	0
scaffold_675	6486	0	0.00	0	0	0	0	0
scaffold_676	6392	0	0.00	0	0	0	0	0
scaffold_677	6356	0	0.00	0	0	0	0	0
scaffold_678	6275	2	0.32	0	1	0	0	0
scaffold_679	6262	0	0.00	0	0	0	0	0
scaffold_68	127720	22	0.17	0	11	0	0	0
scaffold_680	6256	0	0.00	0	0	0	0	0
scaffold_681	6218	0	0.00	0	0	0	0	0
scaffold_682	6138	0	0.00	0	0	0	0	0
scaffold_683	6071	2	0.33	0	1	0	0	0
scaffold_684	6068	2	0.33	0	1	0	0	0
scaffold_685	6030	0	0.00	0	0	0	0	0
scaffold_686	6002	2	0.33	0	1	0	0	0
scaffold_687	5993	2	0.33	0	1	0	0	0
scaffold_688	5962	2	0.34	0	1	0	0	0
scaffold_689	5932	0	0.00	0	0	0	0	0
scaffold_69	126607	26	0.21	0	13	0	0	0
scaffold_690	5923	0	0.00	0	0	0	0	0
scaffold_691	5907	4	0.68	0	2	0	0	0
scaffold_692	5907	0	0.00	0	0	0	0	0
scaffold_693	5875	0	0.00	0	0	0	0	0
scaffold_694	5809	0	0.00	0	0	0	0	0
scaffold_695	5804	0	0.00	0	0	0	0	0
scaffold_696	5714	0	0.00	0	0	0	0	0
scaffold_697	5706	0	0.00	0	0	0	0	0
scaffold_698	5696	0	0.00	0	0	0	0	0
scaffold_699	5690	0	0.00	0	0	0	0	0
scaffold_7	948669	42	0.04	0	21	0	0	0
scaffold_70	126258	6	0.05	0	3	0	0	0
scaffold_700	5683	2	0.35	0	1	0	0	0
scaffold_701	5672	0	0.00	0	0	0	0	0
scaffold_702	5623	0	0.00	0	0	0	0	0
scaffold_703	5621	0	0.00	0	0	0	0	0
scaffold_704	5546	0	0.00	0	0	0	0	0
scaffold_705	5538	0	0.00	0	0	0	0	0
scaffold_706	5529	0	0.00	0	0	0	0	0
scaffold_707	5414	0	0.00	0	0	0	0	0
scaffold_708	5387	0	0.00	0	0	0	0	0
scaffold_709	5361	0	0.00	0	0	0	0	0
scaffold_71	125798	2	0.02	0	1	0	0	0
scaffold_710	5330	2	0.38	0	1	0	0	0
scaffold_711	5206	0	0.00	0	0	0	0	0
scaffold_712	5172	6	1.16	0	3	0	0	0
scaffold_713	5100	0	0.00	0	0	0	0	0
scaffold_714	5091	4	0.79	0	2	0	0	0
scaffold_715	5088	2	0.39	0	1	0	0	0
scaffold_716	5043	0	0.00	0	0	0	0	0
scaffold_717	5042	4	0.79	0	2	0	0	0
scaffold_718	5033	0	0.00	0	0	0	0	0
scaffold_719	4974	0	0.00	0	0	0	0	0
scaffold_72	124370	18	0.14	0	9	0	0	0
scaffold_720	4967	0	0.00	0	0	0	0	0
scaffold_721	4966	0	0.00	0	0	0	0	0
scaffold_722	4919	0	0.00	0	0	0	0	0
scaffold_723	4918	0	0.00	0	0	0	0	0
scaffold_724	4876	0	0.00	0	0	0	0	0
scaffold_725	4862	2	0.41	0	1	0	0	0
scaffold_726	4792	0	0.00	0	0	0	0	0
scaffold_727	4776	2	0.42	0	1	0	0	0
scaffold_728	4776	0	0.00	0	0	0	0	0
scaffold_729	4759	6	1.26	0	3	0	0	0
scaffold_73	118055	6	0.05	0	3	0	0	0
scaffold_730	4742	0	0.00	0	0	0	0	0
scaffold_731	4735	0	0.00	0	0	0	0	0
scaffold_732	4692	0	0.00	0	0	0	0	0
scaffold_733	4690	0	0.00	0	0	0	0	0
scaffold_734	4687	0	0.00	0	0	0	0	0
scaffold_735	4570	0	0.00	0	0	0	0	0
scaffold_736	4552	2	0.44	0	1	0	0	0
scaffold_737	4539	0	0.00	0	0	0	0	0
scaffold_738	4516	0	0.00	0	0	0	0	0
scaffold_739	4513	0	0.00	0	0	0	0	0
scaffold_74	117211	10	0.09	0	5	0	0	0
scaffold_740	4501	0	0.00	0	0	0	0	0
scaffold_741	4437	0	0.00	0	0	0	0	0
scaffold_742	4432	0	0.00	0	0	0	0	0
scaffold_743	4429	0	0.00	0	0	0	0	0
scaffold_744	4402	0	0.00	0	0	0	0	0
scaffold_745	4299	0	0.00	0	0	0	0	0
scaffold_746	4281	0	0.00	0	0	0	0	0
scaffold_747	4214	2	0.47	0	1	0	0	0
scaffold_748	4214	0	0.00	0	0	0	0	0
scaffold_749	4203	2	0.48	0	1	0	0	0
scaffold_75	114786	20	0.17	0	10	0	0	0
scaffold_750	4202	0	0.00	0	0	0	0	0
scaffold_751	4185	2	0.48	0	1	0	0	0
scaffold_752	4133	2	0.48	0	1	0	0	0
scaffold_753	4125	2	0.48	0	1	0	0	0
scaffold_754	4112	0	0.00	0	0	0	0	0
scaffold_755	4094	0	0.00	0	0	0	0	0
scaffold_756	4072	0	0.00	0	0	0	0	0
scaffold_757	4068	0	0.00	0	0	0	0	0
scaffold_758	4051	0	0.00	0	0	0	0	0
scaffold_759	3979	0	0.00	0	0	0	0	0
scaffold_76	114261	12	0.11	0	6	0	0	0
scaffold_760	3974	2	0.50	0	1	0	0	0
scaffold_761	3955	2	0.51	0	1	0	0	0
scaffold_762	3954	0	0.00	0	0	0	0	0
scaffold_763	3921	0	0.00	0	0	0	0	0
scaffold_764	3901	0	0.00	0	0	0	0	0
scaffold_765	3893	0	0.00	0	0	0	0	0
scaffold_766	3891	0	0.00	0	0	0	0	0
scaffold_767	3876	2	0.52	0	1	0	0	0
scaffold_768	3832	0	0.00	0	0	0	0	0
scaffold_769	3830	0	0.00	0	0	0	0	0
scaffold_77	112665	28	0.25	0	14	0	0	0
scaffold_770	3826	0	0.00	0	0	0	0	0
scaffold_771	3800	0	0.00	0	0	0	0	0
scaffold_772	3781	2	0.53	0	1	0	0	0
scaffold_773	3770	0	0.00	0	0	0	0	0
scaffold_774	3765	2	0.53	0	1	0	0	0
scaffold_775	3757	0	0.00	0	0	0	0	0
scaffold_776	3748	0	0.00	0	0	0	0	0
scaffold_777	3729	0	0.00	0	0	0	0	0
scaffold_778	3701	2	0.54	0	1	0	0	0
scaffold_779	3691	0	0.00	0	0	0	0	0
scaffold_78	110966	8	0.07	0	4	0	0	0
scaffold_780	3650	0	0.00	0	0	0	0	0
scaffold_781	3635	0	0.00	0	0	0	0	0
scaffold_782	3620	0	0.00	0	0	0	0	0
scaffold_783	3603	0	0.00	0	0	0	0	0
scaffold_784	3583	0	0.00	0	0	0	0	0
scaffold_785	3578	0	0.00	0	0	0	0	0
scaffold_786	3561	0	0.00	0	0	0	0	0
scaffold_787	3539	0	0.00	0	0	0	0	0
scaffold_788	3509	0	0.00	0	0	0	0	0
scaffold_789	3486	0	0.00	0	0	0	0	0
scaffold_79	109089	2	0.02	0	1	0	0	0
scaffold_790	3473	2	0.58	0	1	0	0	0
scaffold_791	3471	0	0.00	0	0	0	0	0
scaffold_792	3462	0	0.00	0	0	0	0	0
scaffold_793	3454	0	0.00	0	0	0	0	0
scaffold_794	3425	0	0.00	0	0	0	0	0
scaffold_795	3418	2	0.59	0	1	0	0	0
scaffold_796	3408	0	0.00	0	0	0	0	0
scaffold_797	3405	0	0.00	0	0	0	0	0
scaffold_798	3396	0	0.00	0	0	0	0	0
scaffold_799	3360	0	0.00	0	0	0	0	0
scaffold_8	819780	18	0.02	0	9	0	0	0
scaffold_80	106107	6	0.06	0	3	0	0	0
scaffold_800	3357	0	0.00	0	0	0	0	0
scaffold_801	3342	0	0.00	0	0	0	0	0
scaffold_802	3337	2	0.60	0	1	0	0	0
scaffold_803	3331	0	0.00	0	0	0	0	0
scaffold_804	3303	0	0.00	0	0	0	0	0
scaffold_805	3294	0	0.00	0	0	0	0	0
scaffold_806	3293	0	0.00	0	0	0	0	0
scaffold_807	3281	0	0.00	0	0	0	0	0
scaffold_808	3231	2	0.62	0	1	0	0	0
scaffold_809	3229	0	0.00	0	0	0	0	0
scaffold_81	104240	0	0.00	0	0	0	0	0
scaffold_810	3199	0	0.00	0	0	0	0	0
scaffold_811	3159	0	0.00	0	0	0	0	0
scaffold_812	3137	0	0.00	0	0	0	0	0
scaffold_813	3123	0	0.00	0	0	0	0	0
scaffold_814	3119	0	0.00	0	0	0	0	0
scaffold_815	3047	0	0.00	0	0	0	0	0
scaffold_816	3025	0	0.00	0	0	0	0	0
scaffold_817	2973	0	0.00	0	0	0	0	0
scaffold_818	2963	0	0.00	0	0	0	0	0
scaffold_819	2959	0	0.00	0	0	0	0	0
scaffold_82	104111	20	0.19	0	10	0	0	0
scaffold_820	2894	0	0.00	0	0	0	0	0
scaffold_821	2894	0	0.00	0	0	0	0	0
scaffold_822	2890	0	0.00	0	0	0	0	0
scaffold_823	2887	0	0.00	0	0	0	0	0
scaffold_824	2875	0	0.00	0	0	0	0	0
scaffold_825	2874	0	0.00	0	0	0	0	0
scaffold_826	2869	0	0.00	0	0	0	0	0
scaffold_827	2862	0	0.00	0	0	0	0	0
scaffold_828	2860	0	0.00	0	0	0	0	0
scaffold_829	2849	0	0.00	0	0	0	0	0
scaffold_83	102827	22	0.21	0	11	0	0	0
scaffold_830	2839	0	0.00	0	0	0	0	0
scaffold_831	2823	0	0.00	0	0	0	0	0
scaffold_832	2799	0	0.00	0	0	0	0	0
scaffold_833	2794	0	0.00	0	0	0	0	0
scaffold_834	2775	0	0.00	0	0	0	0	0
scaffold_835	2775	0	0.00	0	0	0	0	0
scaffold_836	2763	0	0.00	0	0	0	0	0
scaffold_837	2754	0	0.00	0	0	0	0	0
scaffold_838	2737	0	0.00	0	0	0	0	0
scaffold_839	2728	0	0.00	0	0	0	0	0
scaffold_84	101767	20	0.20	0	10	0	0	0
scaffold_840	2712	0	0.00	0	0	0	0	0
scaffold_841	2687	0	0.00	0	0	0	0	0
scaffold_842	2687	0	0.00	0	0	0	0	0
scaffold_843	2676	0	0.00	0	0	0	0	0
scaffold_844	2665	0	0.00	0	0	0	0	0
scaffold_845	2633	0	0.00	0	0	0	0	0
scaffold_846	2628	0	0.00	0	0	0	0	0
scaffold_847	2625	0	0.00	0	0	0	0	0
scaffold_848	2613	0	0.00	0	0	0	0	0
scaffold_849	2601	0	0.00	0	0	0	0	0
scaffold_85	97750	0	0.00	0	0	0	0	0
scaffold_850	2600	0	0.00	0	0	0	0	0
scaffold_851	2571	0	0.00	0	0	0	0	0
scaffold_852	2568	0	0.00	0	0	0	0	0
scaffold_853	2567	0	0.00	0	0	0	0	0
scaffold_854	2558	0	0.00	0	0	0	0	0
scaffold_855	2557	0	0.00	0	0	0	0	0
scaffold_856	2557	0	0.00	0	0	0	0	0
scaffold_857	2556	0	0.00	0	0	0	0	0
scaffold_858	2552	0	0.00	0	0	0	0	0
scaffold_859	2547	0	0.00	0	0	0	0	0
scaffold_86	96777	2	0.02	0	1	0	0	0
scaffold_860	2538	0	0.00	0	0	0	0	0
scaffold_861	2512	0	0.00	0	0	0	0	0
scaffold_862	2491	2	0.80	0	1	0	0	0
scaffold_863	2485	0	0.00	0	0	0	0	0
scaffold_864	2484	0	0.00	0	0	0	0	0
scaffold_865	2482	0	0.00	0	0	0	0	0
scaffold_866	2442	0	0.00	0	0	0	0	0
scaffold_867	2435	0	0.00	0	0	0	0	0
scaffold_868	2433	2	0.82	0	1	0	0	0
scaffold_869	2426	2	0.82	0	1	0	0	0
scaffold_87	93077	18	0.19	0	9	0	0	0
scaffold_870	2425	0	0.00	0	0	0	0	0
scaffold_871	2422	0	0.00	0	0	0	0	0
scaffold_872	2403	0	0.00	0	0	0	0	0
scaffold_873	2388	0	0.00	0	0	0	0	0
scaffold_874	2385	0	0.00	0	0	0	0	0
scaffold_875	2379	0	0.00	0	0	0	0	0
scaffold_876	2374	0	0.00	0	0	0	0	0
scaffold_877	2367	0	0.00	0	0	0	0	0
scaffold_878	2364	0	0.00	0	0	0	0	0
scaffold_879	2359	2	0.85	0	1	0	0	0
scaffold_88	92106	10	0.11	0	5	0	0	0
scaffold_880	2347	4	1.70	0	2	0	0	0
scaffold_881	2341	0	0.00	0	0	0	0	0
scaffold_882	2337	0	0.00	0	0	0	0	0
scaffold_883	2335	0	0.00	0	0	0	0	0
scaffold_884	2325	0	0.00	0	0	0	0	0
scaffold_885	2325	0	0.00	0	0	0	0	0
scaffold_886	2314	0	0.00	0	0	0	0	0
scaffold_887	2311	0	0.00	0	0	0	0	0
scaffold_888	2311	2	0.87	0	1	0	0	0
scaffold_889	2310	0	0.00	0	0	0	0	0
scaffold_89	91707	2	0.02	0	1	0	0	0
scaffold_890	2290	0	0.00	0	0	0	0	0
scaffold_891	2274	0	0.00	0	0	0	0	0
scaffold_892	2274	0	0.00	0	0	0	0	0
scaffold_893	2270	0	0.00	0	0	0	0	0
scaffold_894	2270	0	0.00	0	0	0	0	0
scaffold_895	2265	0	0.00	0	0	0	0	0
scaffold_896	2251	0	0.00	0	0	0	0	0
scaffold_897	2248	2	0.89	0	1	0	0	0
scaffold_898	2233	2	0.90	0	1	0	0	0
scaffold_899	2228	0	0.00	0	0	0	0	0
scaffold_9	803953	12	0.01	0	6	0	0	0
scaffold_90	90331	14	0.15	0	7	0	0	0
scaffold_900	2222	0	0.00	0	0	0	0	0
scaffold_901	2218	0	0.00	0	0	0	0	0
scaffold_902	2216	0	0.00	0	0	0	0	0
scaffold_903	2206	0	0.00	0	0	0	0	0
scaffold_904	2204	0	0.00	0	0	0	0	0
scaffold_905	2201	0	0.00	0	0	0	0	0
scaffold_906	2196	0	0.00	0	0	0	0	0
scaffold_907	2194	0	0.00	0	0	0	0	0
scaffold_908	2194	0	0.00	0	0	0	0	0
scaffold_909	2193	0	0.00	0	0	0	0	0
scaffold_91	90013	20	0.22	0	10	0	0	0
scaffold_910	2182	0	0.00	0	0	0	0	0
scaffold_911	2172	2	0.92	0	1	0	0	0
scaffold_912	2170	0	0.00	0	0	0	0	0
scaffold_913	2167	0	0.00	0	0	0	0	0
scaffold_914	2166	0	0.00	0	0	0	0	0
scaffold_915	2166	0	0.00	0	0	0	0	0
scaffold_916	2165	0	0.00	0	0	0	0	0
scaffold_917	2154	0	0.00	0	0	0	0	0
scaffold_918	2154	0	0.00	0	0	0	0	0
scaffold_919	2148	0	0.00	0	0	0	0	0
scaffold_92	88830	16	0.18	0	8	0	0	0
scaffold_920	2144	0	0.00	0	0	0	0	0
scaffold_921	2138	0	0.00	0	0	0	0	0
scaffold_922	2131	0	0.00	0	0	0	0	0
scaffold_923	2130	0	0.00	0	0	0	0	0
scaffold_924	2130	0	0.00	0	0	0	0	0
scaffold_925	2129	0	0.00	0	0	0	0	0
scaffold_926	2128	0	0.00	0	0	0	0	0
scaffold_927	2128	0	0.00	0	0	0	0	0
scaffold_928	2126	0	0.00	0	0	0	0	0
scaffold_929	2119	0	0.00	0	0	0	0	0
scaffold_93	87370	14	0.16	0	7	0	0	0
scaffold_930	2108	0	0.00	0	0	0	0	0
scaffold_931	2105	0	0.00	0	0	0	0	0
scaffold_932	2099	0	0.00	0	0	0	0	0
scaffold_933	2095	0	0.00	0	0	0	0	0
scaffold_934	2094	0	0.00	0	0	0	0	0
scaffold_935	2092	0	0.00	0	0	0	0	0
scaffold_936	2086	0	0.00	0	0	0	0	0
scaffold_937	2075	0	0.00	0	0	0	0	0
scaffold_938	2069	0	0.00	0	0	0	0	0
scaffold_939	2066	6	2.90	0	3	0	0	0
scaffold_94	87326	0	0.00	0	0	0	0	0
scaffold_940	2058	0	0.00	0	0	0	0	0
scaffold_941	2053	0	0.00	0	0	0	0	0
scaffold_942	2052	0	0.00	0	0	0	0	0
scaffold_943	2051	0	0.00	0	0	0	0	0
scaffold_944	2047	0	0.00	0	0	0	0	0
scaffold_945	2046	0	0.00	0	0	0	0	0
scaffold_946	2040	0	0.00	0	0	0	0	0
scaffold_947	2040	0	0.00	0	0	0	0	0
scaffold_948	2040	0	0.00	0	0	0	0	0
scaffold_949	2039	0	0.00	0	0	0	0	0
scaffold_95	86716	20	0.23	0	10	0	0	0
scaffold_950	2038	0	0.00	0	0	0	0	0
scaffold_951	2037	0	0.00	0	0	0	0	0
scaffold_952	2031	0	0.00	0	0	0	0	0
scaffold_953	2031	0	0.00	0	0	0	0	0
scaffold_954	2028	0	0.00	0	0	0	0	0
scaffold_955	2024	0	0.00	0	0	0	0	0
scaffold_956	2023	0	0.00	0	0	0	0	0
scaffold_957	2018	0	0.00	0	0	0	0	0
scaffold_958	2011	0	0.00	0	0	0	0	0
scaffold_959	2007	0	0.00	0	0	0	0	0
scaffold_96	86006	22	0.26	0	11	0	0	0
scaffold_960	2007	0	0.00	0	0	0	0	0
scaffold_961	2002	0	0.00	0	0	0	0	0
scaffold_962	1997	0	0.00	0	0	0	0	0
scaffold_963	1993	0	0.00	0	0	0	0	0
scaffold_964	1993	0	0.00	0	0	0	0	0
scaffold_965	1993	0	0.00	0	0	0	0	0
scaffold_966	1992	0	0.00	0	0	0	0	0
scaffold_967	1992	0	0.00	0	0	0	0	0
scaffold_968	1987	0	0.00	0	0	0	0	0
scaffold_969	1987	0	0.00	0	0	0	0	0
scaffold_97	85869	18	0.21	0	9	0	0	0
scaffold_970	1986	0	0.00	0	0	0	0	0
scaffold_971	1986	0	0.00	0	0	0	0	0
scaffold_972	1984	0	0.00	0	0	0	0	0
scaffold_973	1982	0	0.00	0	0	0	0	0
scaffold_974	1980	0	0.00	0	0	0	0	0
scaffold_975	1980	0	0.00	0	0	0	0	0
scaffold_976	1979	0	0.00	0	0	0	0	0
scaffold_977	1979	0	0.00	0	0	0	0	0
scaffold_978	1978	0	0.00	0	0	0	0	0
scaffold_979	1978	0	0.00	0	0	0	0	0
scaffold_98	84440	22	0.26	0	11	0	0	0
scaffold_980	1976	0	0.00	0	0	0	0	0
scaffold_981	1974	0	0.00	0	0	0	0	0
scaffold_982	1974	0	0.00	0	0	0	0	0
scaffold_983	1973	0	0.00	0	0	0	0	0
scaffold_984	1970	0	0.00	0	0	0	0	0
scaffold_985	1970	0	0.00	0	0	0	0	0
scaffold_986	1967	0	0.00	0	0	0	0	0
scaffold_987	1967	0	0.00	0	0	0	0	0
scaffold_988	1966	0	0.00	0	0	0	0	0
scaffold_989	1963	0	0.00	0	0	0	0	0
scaffold_99	84243	22	0.26	0	11	0	0	0
scaffold_990	1960	2	1.02	0	1	0	0	0
scaffold_991	1959	0	0.00	0	0	0	0	0
scaffold_992	1956	0	0.00	0	0	0	0	0
scaffold_993	1955	0	0.00	0	0	0	0	0
scaffold_994	1953	0	0.00	0	0	0	0	0
scaffold_995	1953	0	0.00	0	0	0	0	0
scaffold_996	1952	0	0.00	0	0	0	0	0
scaffold_997	1952	0	0.00	0	0	0	0	0
scaffold_998	1951	0	0.00	0	0	0	0	0
scaffold_999	1950	0	0.00	0	0	0	0	0
Totals	50624909	3694	0.07	0	1847	0	0	0
