Chromosome	Length	Total Variants	VarPerKb	SNP	INDEL	Ts	Tv	Ts/Tv
scaffold_1	381104	6	0.02	3	0	2	1	2.00
scaffold_10	266579	4	0.02	2	0	1	1	1.00
scaffold_100	119477	0	0.00	0	0	0	0	0
scaffold_1000	11746	2	0.17	1	0	1	0	0
scaffold_1001	11713	0	0.00	0	0	0	0	0
scaffold_1002	11688	0	0.00	0	0	0	0	0
scaffold_1003	11676	0	0.00	0	0	0	0	0
scaffold_1004	11659	0	0.00	0	0	0	0	0
scaffold_1005	11561	0	0.00	0	0	0	0	0
scaffold_1006	11548	0	0.00	0	0	0	0	0
scaffold_1007	11490	0	0.00	0	0	0	0	0
scaffold_1008	11473	0	0.00	0	0	0	0	0
scaffold_1009	11462	0	0.00	0	0	0	0	0
scaffold_101	118417	4	0.03	2	0	2	0	0
scaffold_1010	11440	0	0.00	0	0	0	0	0
scaffold_1011	11409	0	0.00	0	0	0	0	0
scaffold_1012	11389	0	0.00	0	0	0	0	0
scaffold_1013	11382	0	0.00	0	0	0	0	0
scaffold_1014	11335	0	0.00	0	0	0	0	0
scaffold_1015	11331	0	0.00	0	0	0	0	0
scaffold_1016	11330	0	0.00	0	0	0	0	0
scaffold_1017	11307	0	0.00	0	0	0	0	0
scaffold_1018	11280	0	0.00	0	0	0	0	0
scaffold_1019	11223	0	0.00	0	0	0	0	0
scaffold_102	117590	0	0.00	0	0	0	0	0
scaffold_1020	11204	4	0.36	2	0	2	0	0
scaffold_1021	11196	18	1.61	9	0	7	2	3.50
scaffold_1022	11169	0	0.00	0	0	0	0	0
scaffold_1023	11135	0	0.00	0	0	0	0	0
scaffold_1024	11120	10	0.90	5	0	4	1	4.00
scaffold_1025	11057	0	0.00	0	0	0	0	0
scaffold_1026	11044	0	0.00	0	0	0	0	0
scaffold_1027	10976	0	0.00	0	0	0	0	0
scaffold_1028	10919	0	0.00	0	0	0	0	0
scaffold_1029	10903	0	0.00	0	0	0	0	0
scaffold_103	117131	0	0.00	0	0	0	0	0
scaffold_1030	10884	0	0.00	0	0	0	0	0
scaffold_1031	10772	0	0.00	0	0	0	0	0
scaffold_1032	10711	0	0.00	0	0	0	0	0
scaffold_1033	10687	0	0.00	0	0	0	0	0
scaffold_1034	10605	0	0.00	0	0	0	0	0
scaffold_1035	10584	0	0.00	0	0	0	0	0
scaffold_1036	10569	0	0.00	0	0	0	0	0
scaffold_1037	10558	0	0.00	0	0	0	0	0
scaffold_1038	10533	0	0.00	0	0	0	0	0
scaffold_1039	10502	0	0.00	0	0	0	0	0
scaffold_104	116762	2	0.02	1	0	1	0	0
scaffold_1040	10467	0	0.00	0	0	0	0	0
scaffold_1041	10410	0	0.00	0	0	0	0	0
scaffold_1042	10397	0	0.00	0	0	0	0	0
scaffold_1043	10384	0	0.00	0	0	0	0	0
scaffold_1044	10378	0	0.00	0	0	0	0	0
scaffold_1045	10374	0	0.00	0	0	0	0	0
scaffold_1046	10211	0	0.00	0	0	0	0	0
scaffold_1047	10186	0	0.00	0	0	0	0	0
scaffold_1048	10169	0	0.00	0	0	0	0	0
scaffold_1049	10139	0	0.00	0	0	0	0	0
scaffold_105	116664	2	0.02	1	0	0	1	0.00
scaffold_1050	10102	0	0.00	0	0	0	0	0
scaffold_1051	10035	0	0.00	0	0	0	0	0
scaffold_1052	9994	0	0.00	0	0	0	0	0
scaffold_1053	9955	0	0.00	0	0	0	0	0
scaffold_1054	9920	0	0.00	0	0	0	0	0
scaffold_1055	9885	0	0.00	0	0	0	0	0
scaffold_1056	9867	0	0.00	0	0	0	0	0
scaffold_1057	9836	0	0.00	0	0	0	0	0
scaffold_1058	9832	0	0.00	0	0	0	0	0
scaffold_1059	9827	0	0.00	0	0	0	0	0
scaffold_106	116052	0	0.00	0	0	0	0	0
scaffold_1060	9803	0	0.00	0	0	0	0	0
scaffold_1061	9800	0	0.00	0	0	0	0	0
scaffold_1062	9797	0	0.00	0	0	0	0	0
scaffold_1063	9769	0	0.00	0	0	0	0	0
scaffold_1064	9765	0	0.00	0	0	0	0	0
scaffold_1065	9761	0	0.00	0	0	0	0	0
scaffold_1066	9753	0	0.00	0	0	0	0	0
scaffold_1067	9738	0	0.00	0	0	0	0	0
scaffold_1068	9698	0	0.00	0	0	0	0	0
scaffold_1069	9586	0	0.00	0	0	0	0	0
scaffold_107	114583	0	0.00	0	0	0	0	0
scaffold_1070	9538	0	0.00	0	0	0	0	0
scaffold_1071	9516	0	0.00	0	0	0	0	0
scaffold_1072	9500	0	0.00	0	0	0	0	0
scaffold_1073	9498	0	0.00	0	0	0	0	0
scaffold_1074	9414	0	0.00	0	0	0	0	0
scaffold_1075	9362	0	0.00	0	0	0	0	0
scaffold_1076	9247	0	0.00	0	0	0	0	0
scaffold_1077	9205	0	0.00	0	0	0	0	0
scaffold_1078	9182	0	0.00	0	0	0	0	0
scaffold_1079	9179	0	0.00	0	0	0	0	0
scaffold_108	114075	0	0.00	0	0	0	0	0
scaffold_1080	9157	0	0.00	0	0	0	0	0
scaffold_1081	9082	0	0.00	0	0	0	0	0
scaffold_1082	9028	0	0.00	0	0	0	0	0
scaffold_1083	8897	0	0.00	0	0	0	0	0
scaffold_1084	8892	0	0.00	0	0	0	0	0
scaffold_1085	8844	0	0.00	0	0	0	0	0
scaffold_1086	8800	0	0.00	0	0	0	0	0
scaffold_1087	8788	0	0.00	0	0	0	0	0
scaffold_1088	8782	0	0.00	0	0	0	0	0
scaffold_1089	8761	0	0.00	0	0	0	0	0
scaffold_109	113561	14	0.12	7	0	5	2	2.50
scaffold_1090	8741	0	0.00	0	0	0	0	0
scaffold_1091	8716	0	0.00	0	0	0	0	0
scaffold_1092	8697	0	0.00	0	0	0	0	0
scaffold_1093	8691	0	0.00	0	0	0	0	0
scaffold_1094	8689	0	0.00	0	0	0	0	0
scaffold_1095	8684	0	0.00	0	0	0	0	0
scaffold_1096	8592	0	0.00	0	0	0	0	0
scaffold_1097	8591	0	0.00	0	0	0	0	0
scaffold_1098	8548	0	0.00	0	0	0	0	0
scaffold_1099	8493	0	0.00	0	0	0	0	0
scaffold_11	264163	0	0.00	0	0	0	0	0
scaffold_110	113334	6	0.05	3	0	3	0	0
scaffold_1100	8449	0	0.00	0	0	0	0	0
scaffold_1101	8437	0	0.00	0	0	0	0	0
scaffold_1102	8419	0	0.00	0	0	0	0	0
scaffold_1103	8348	0	0.00	0	0	0	0	0
scaffold_1104	8330	0	0.00	0	0	0	0	0
scaffold_1105	8264	0	0.00	0	0	0	0	0
scaffold_1106	8240	0	0.00	0	0	0	0	0
scaffold_1107	8238	0	0.00	0	0	0	0	0
scaffold_1108	8166	0	0.00	0	0	0	0	0
scaffold_1109	8145	0	0.00	0	0	0	0	0
scaffold_111	113209	0	0.00	0	0	0	0	0
scaffold_1110	8134	0	0.00	0	0	0	0	0
scaffold_1111	8124	0	0.00	0	0	0	0	0
scaffold_1112	8124	0	0.00	0	0	0	0	0
scaffold_1113	8122	0	0.00	0	0	0	0	0
scaffold_1114	8112	0	0.00	0	0	0	0	0
scaffold_1115	8103	0	0.00	0	0	0	0	0
scaffold_1116	8088	0	0.00	0	0	0	0	0
scaffold_1117	8027	0	0.00	0	0	0	0	0
scaffold_1118	7993	0	0.00	0	0	0	0	0
scaffold_1119	7959	0	0.00	0	0	0	0	0
scaffold_112	112460	2	0.02	1	0	1	0	0
scaffold_1120	7953	0	0.00	0	0	0	0	0
scaffold_1121	7938	20	2.52	10	0	7	3	2.33
scaffold_1122	7930	0	0.00	0	0	0	0	0
scaffold_1123	7902	6	0.76	3	0	3	0	0
scaffold_1124	7876	0	0.00	0	0	0	0	0
scaffold_1125	7826	0	0.00	0	0	0	0	0
scaffold_1126	7805	0	0.00	0	0	0	0	0
scaffold_1127	7791	0	0.00	0	0	0	0	0
scaffold_1128	7783	0	0.00	0	0	0	0	0
scaffold_1129	7780	0	0.00	0	0	0	0	0
scaffold_113	112168	2	0.02	1	0	0	1	0.00
scaffold_1130	7779	0	0.00	0	0	0	0	0
scaffold_1131	7770	0	0.00	0	0	0	0	0
scaffold_1132	7764	0	0.00	0	0	0	0	0
scaffold_1133	7762	0	0.00	0	0	0	0	0
scaffold_1134	7717	0	0.00	0	0	0	0	0
scaffold_1135	7712	0	0.00	0	0	0	0	0
scaffold_1136	7614	10	1.31	5	0	1	4	0.25
scaffold_1137	7612	0	0.00	0	0	0	0	0
scaffold_1138	7607	0	0.00	0	0	0	0	0
scaffold_1139	7543	0	0.00	0	0	0	0	0
scaffold_114	111789	0	0.00	0	0	0	0	0
scaffold_1140	7523	0	0.00	0	0	0	0	0
scaffold_1141	7521	0	0.00	0	0	0	0	0
scaffold_1142	7485	0	0.00	0	0	0	0	0
scaffold_1143	7456	0	0.00	0	0	0	0	0
scaffold_1144	7451	0	0.00	0	0	0	0	0
scaffold_1145	7439	0	0.00	0	0	0	0	0
scaffold_1146	7434	0	0.00	0	0	0	0	0
scaffold_1147	7420	22	2.96	11	0	5	6	0.83
scaffold_1148	7401	0	0.00	0	0	0	0	0
scaffold_1149	7380	0	0.00	0	0	0	0	0
scaffold_115	110736	2	0.02	1	0	1	0	0
scaffold_1150	7350	0	0.00	0	0	0	0	0
scaffold_1151	7323	0	0.00	0	0	0	0	0
scaffold_1152	7319	0	0.00	0	0	0	0	0
scaffold_1153	7318	0	0.00	0	0	0	0	0
scaffold_1154	7315	0	0.00	0	0	0	0	0
scaffold_1155	7314	0	0.00	0	0	0	0	0
scaffold_1156	7306	0	0.00	0	0	0	0	0
scaffold_1157	7298	0	0.00	0	0	0	0	0
scaffold_1158	7271	0	0.00	0	0	0	0	0
scaffold_1159	7246	0	0.00	0	0	0	0	0
scaffold_116	109407	0	0.00	0	0	0	0	0
scaffold_1160	7245	0	0.00	0	0	0	0	0
scaffold_1161	7201	0	0.00	0	0	0	0	0
scaffold_1162	7110	0	0.00	0	0	0	0	0
scaffold_1163	7056	0	0.00	0	0	0	0	0
scaffold_1164	7033	0	0.00	0	0	0	0	0
scaffold_1165	7031	0	0.00	0	0	0	0	0
scaffold_1166	7015	0	0.00	0	0	0	0	0
scaffold_1167	7008	0	0.00	0	0	0	0	0
scaffold_1168	6943	0	0.00	0	0	0	0	0
scaffold_1169	6936	0	0.00	0	0	0	0	0
scaffold_117	109362	10	0.09	5	0	4	1	4.00
scaffold_1170	6915	0	0.00	0	0	0	0	0
scaffold_1171	6842	0	0.00	0	0	0	0	0
scaffold_1172	6832	0	0.00	0	0	0	0	0
scaffold_1173	6829	0	0.00	0	0	0	0	0
scaffold_1174	6808	0	0.00	0	0	0	0	0
scaffold_1175	6770	0	0.00	0	0	0	0	0
scaffold_1176	6762	0	0.00	0	0	0	0	0
scaffold_1177	6758	0	0.00	0	0	0	0	0
scaffold_1178	6744	0	0.00	0	0	0	0	0
scaffold_1179	6743	10	1.48	5	0	3	2	1.50
scaffold_118	109029	0	0.00	0	0	0	0	0
scaffold_1180	6717	0	0.00	0	0	0	0	0
scaffold_1181	6679	0	0.00	0	0	0	0	0
scaffold_1182	6674	0	0.00	0	0	0	0	0
scaffold_1183	6624	0	0.00	0	0	0	0	0
scaffold_1184	6622	0	0.00	0	0	0	0	0
scaffold_1185	6607	0	0.00	0	0	0	0	0
scaffold_1186	6593	0	0.00	0	0	0	0	0
scaffold_1187	6577	0	0.00	0	0	0	0	0
scaffold_1188	6567	0	0.00	0	0	0	0	0
scaffold_1189	6535	0	0.00	0	0	0	0	0
scaffold_119	108683	0	0.00	0	0	0	0	0
scaffold_1190	6528	0	0.00	0	0	0	0	0
scaffold_1191	6518	0	0.00	0	0	0	0	0
scaffold_1192	6498	10	1.54	5	0	4	1	4.00
scaffold_1193	6469	0	0.00	0	0	0	0	0
scaffold_1194	6460	0	0.00	0	0	0	0	0
scaffold_1195	6405	0	0.00	0	0	0	0	0
scaffold_1196	6398	0	0.00	0	0	0	0	0
scaffold_1197	6383	0	0.00	0	0	0	0	0
scaffold_1198	6369	0	0.00	0	0	0	0	0
scaffold_1199	6325	0	0.00	0	0	0	0	0
scaffold_12	263565	0	0.00	0	0	0	0	0
scaffold_120	108476	0	0.00	0	0	0	0	0
scaffold_1200	6307	0	0.00	0	0	0	0	0
scaffold_1201	6306	0	0.00	0	0	0	0	0
scaffold_1202	6284	0	0.00	0	0	0	0	0
scaffold_1203	6226	0	0.00	0	0	0	0	0
scaffold_1204	6185	0	0.00	0	0	0	0	0
scaffold_1205	6181	22	3.56	11	0	10	1	10.00
scaffold_1206	6136	0	0.00	0	0	0	0	0
scaffold_1207	6089	0	0.00	0	0	0	0	0
scaffold_1208	6072	0	0.00	0	0	0	0	0
scaffold_1209	6069	0	0.00	0	0	0	0	0
scaffold_121	106962	0	0.00	0	0	0	0	0
scaffold_1210	6058	0	0.00	0	0	0	0	0
scaffold_1211	6047	0	0.00	0	0	0	0	0
scaffold_1212	6043	0	0.00	0	0	0	0	0
scaffold_1213	6041	0	0.00	0	0	0	0	0
scaffold_1214	5998	0	0.00	0	0	0	0	0
scaffold_1215	5990	0	0.00	0	0	0	0	0
scaffold_1216	5965	0	0.00	0	0	0	0	0
scaffold_1217	5946	0	0.00	0	0	0	0	0
scaffold_1218	5946	0	0.00	0	0	0	0	0
scaffold_1219	5925	0	0.00	0	0	0	0	0
scaffold_122	106259	0	0.00	0	0	0	0	0
scaffold_1220	5900	0	0.00	0	0	0	0	0
scaffold_1221	5893	0	0.00	0	0	0	0	0
scaffold_1222	5858	0	0.00	0	0	0	0	0
scaffold_1223	5841	0	0.00	0	0	0	0	0
scaffold_1224	5809	0	0.00	0	0	0	0	0
scaffold_1225	5804	0	0.00	0	0	0	0	0
scaffold_1226	5796	0	0.00	0	0	0	0	0
scaffold_1227	5791	0	0.00	0	0	0	0	0
scaffold_1228	5790	0	0.00	0	0	0	0	0
scaffold_1229	5779	0	0.00	0	0	0	0	0
scaffold_123	106234	0	0.00	0	0	0	0	0
scaffold_1230	5760	0	0.00	0	0	0	0	0
scaffold_1231	5755	0	0.00	0	0	0	0	0
scaffold_1232	5741	10	1.74	5	0	2	3	0.67
scaffold_1233	5741	0	0.00	0	0	0	0	0
scaffold_1234	5708	0	0.00	0	0	0	0	0
scaffold_1235	5702	0	0.00	0	0	0	0	0
scaffold_1236	5682	0	0.00	0	0	0	0	0
scaffold_1237	5680	0	0.00	0	0	0	0	0
scaffold_1238	5669	0	0.00	0	0	0	0	0
scaffold_1239	5652	0	0.00	0	0	0	0	0
scaffold_124	106151	0	0.00	0	0	0	0	0
scaffold_1240	5616	0	0.00	0	0	0	0	0
scaffold_1241	5598	0	0.00	0	0	0	0	0
scaffold_1242	5597	0	0.00	0	0	0	0	0
scaffold_1243	5590	0	0.00	0	0	0	0	0
scaffold_1244	5548	0	0.00	0	0	0	0	0
scaffold_1245	5537	0	0.00	0	0	0	0	0
scaffold_1246	5510	0	0.00	0	0	0	0	0
scaffold_1247	5472	0	0.00	0	0	0	0	0
scaffold_1248	5469	0	0.00	0	0	0	0	0
scaffold_1249	5439	4	0.74	2	0	2	0	0
scaffold_125	105437	0	0.00	0	0	0	0	0
scaffold_1250	5431	0	0.00	0	0	0	0	0
scaffold_1251	5417	0	0.00	0	0	0	0	0
scaffold_1252	5414	0	0.00	0	0	0	0	0
scaffold_1253	5405	0	0.00	0	0	0	0	0
scaffold_1254	5392	0	0.00	0	0	0	0	0
scaffold_1255	5372	0	0.00	0	0	0	0	0
scaffold_1256	5332	0	0.00	0	0	0	0	0
scaffold_1257	5311	0	0.00	0	0	0	0	0
scaffold_1258	5298	0	0.00	0	0	0	0	0
scaffold_1259	5294	0	0.00	0	0	0	0	0
scaffold_126	105280	0	0.00	0	0	0	0	0
scaffold_1260	5257	0	0.00	0	0	0	0	0
scaffold_1261	5224	0	0.00	0	0	0	0	0
scaffold_1262	5218	0	0.00	0	0	0	0	0
scaffold_1263	5215	0	0.00	0	0	0	0	0
scaffold_1264	5212	0	0.00	0	0	0	0	0
scaffold_1265	5210	0	0.00	0	0	0	0	0
scaffold_1266	5175	0	0.00	0	0	0	0	0
scaffold_1267	5133	0	0.00	0	0	0	0	0
scaffold_1268	5082	0	0.00	0	0	0	0	0
scaffold_1269	5079	0	0.00	0	0	0	0	0
scaffold_127	104970	0	0.00	0	0	0	0	0
scaffold_1270	5067	0	0.00	0	0	0	0	0
scaffold_1271	5054	0	0.00	0	0	0	0	0
scaffold_1272	5047	0	0.00	0	0	0	0	0
scaffold_1273	5018	0	0.00	0	0	0	0	0
scaffold_1274	5017	0	0.00	0	0	0	0	0
scaffold_1275	5000	4	0.80	2	0	1	1	1.00
scaffold_1276	4992	0	0.00	0	0	0	0	0
scaffold_1277	4958	0	0.00	0	0	0	0	0
scaffold_1278	4917	0	0.00	0	0	0	0	0
scaffold_1279	4898	0	0.00	0	0	0	0	0
scaffold_128	104908	0	0.00	0	0	0	0	0
scaffold_1280	4895	0	0.00	0	0	0	0	0
scaffold_1281	4867	0	0.00	0	0	0	0	0
scaffold_1282	4858	0	0.00	0	0	0	0	0
scaffold_1283	4852	0	0.00	0	0	0	0	0
scaffold_1284	4838	0	0.00	0	0	0	0	0
scaffold_1285	4832	0	0.00	0	0	0	0	0
scaffold_1286	4826	0	0.00	0	0	0	0	0
scaffold_1287	4807	0	0.00	0	0	0	0	0
scaffold_1288	4805	0	0.00	0	0	0	0	0
scaffold_1289	4804	2	0.42	1	0	1	0	0
scaffold_129	104415	0	0.00	0	0	0	0	0
scaffold_1290	4803	0	0.00	0	0	0	0	0
scaffold_1291	4768	0	0.00	0	0	0	0	0
scaffold_1292	4747	0	0.00	0	0	0	0	0
scaffold_1293	4716	0	0.00	0	0	0	0	0
scaffold_1294	4702	0	0.00	0	0	0	0	0
scaffold_1295	4693	0	0.00	0	0	0	0	0
scaffold_1296	4675	0	0.00	0	0	0	0	0
scaffold_1297	4666	2	0.43	1	0	1	0	0
scaffold_1298	4651	0	0.00	0	0	0	0	0
scaffold_1299	4639	0	0.00	0	0	0	0	0
scaffold_13	254018	2	0.01	1	0	1	0	0
scaffold_130	103193	0	0.00	0	0	0	0	0
scaffold_1300	4592	0	0.00	0	0	0	0	0
scaffold_1301	4583	0	0.00	0	0	0	0	0
scaffold_1302	4580	0	0.00	0	0	0	0	0
scaffold_1303	4579	0	0.00	0	0	0	0	0
scaffold_1304	4556	0	0.00	0	0	0	0	0
scaffold_1305	4533	0	0.00	0	0	0	0	0
scaffold_1306	4526	0	0.00	0	0	0	0	0
scaffold_1307	4511	0	0.00	0	0	0	0	0
scaffold_1308	4498	0	0.00	0	0	0	0	0
scaffold_1309	4475	6	1.34	3	0	2	1	2.00
scaffold_131	102971	0	0.00	0	0	0	0	0
scaffold_1310	4471	0	0.00	0	0	0	0	0
scaffold_1311	4426	0	0.00	0	0	0	0	0
scaffold_1312	4394	0	0.00	0	0	0	0	0
scaffold_1313	4392	0	0.00	0	0	0	0	0
scaffold_1314	4389	0	0.00	0	0	0	0	0
scaffold_1315	4385	0	0.00	0	0	0	0	0
scaffold_1316	4373	0	0.00	0	0	0	0	0
scaffold_1317	4333	0	0.00	0	0	0	0	0
scaffold_1318	4308	0	0.00	0	0	0	0	0
scaffold_1319	4305	0	0.00	0	0	0	0	0
scaffold_132	102878	0	0.00	0	0	0	0	0
scaffold_1320	4301	0	0.00	0	0	0	0	0
scaffold_1321	4295	0	0.00	0	0	0	0	0
scaffold_1322	4274	0	0.00	0	0	0	0	0
scaffold_1323	4269	0	0.00	0	0	0	0	0
scaffold_1324	4257	0	0.00	0	0	0	0	0
scaffold_1325	4246	0	0.00	0	0	0	0	0
scaffold_1326	4229	0	0.00	0	0	0	0	0
scaffold_1327	4223	0	0.00	0	0	0	0	0
scaffold_1328	4213	0	0.00	0	0	0	0	0
scaffold_1329	4212	0	0.00	0	0	0	0	0
scaffold_133	102625	0	0.00	0	0	0	0	0
scaffold_1330	4205	0	0.00	0	0	0	0	0
scaffold_1331	4197	0	0.00	0	0	0	0	0
scaffold_1332	4182	0	0.00	0	0	0	0	0
scaffold_1333	4179	0	0.00	0	0	0	0	0
scaffold_1334	4176	0	0.00	0	0	0	0	0
scaffold_1335	4164	0	0.00	0	0	0	0	0
scaffold_1336	4158	0	0.00	0	0	0	0	0
scaffold_1337	4157	0	0.00	0	0	0	0	0
scaffold_1338	4150	0	0.00	0	0	0	0	0
scaffold_1339	4105	0	0.00	0	0	0	0	0
scaffold_134	102335	8	0.08	4	0	3	1	3.00
scaffold_1340	4090	14	3.42	7	0	6	1	6.00
scaffold_1341	4083	0	0.00	0	0	0	0	0
scaffold_1342	4073	0	0.00	0	0	0	0	0
scaffold_1343	4065	0	0.00	0	0	0	0	0
scaffold_1344	4057	0	0.00	0	0	0	0	0
scaffold_1345	4047	2	0.49	1	0	1	0	0
scaffold_1346	4033	0	0.00	0	0	0	0	0
scaffold_1347	4032	0	0.00	0	0	0	0	0
scaffold_1348	4001	0	0.00	0	0	0	0	0
scaffold_1349	3987	0	0.00	0	0	0	0	0
scaffold_135	99802	0	0.00	0	0	0	0	0
scaffold_1350	3983	0	0.00	0	0	0	0	0
scaffold_1351	3964	4	1.01	2	0	1	1	1.00
scaffold_1352	3930	0	0.00	0	0	0	0	0
scaffold_1353	3889	0	0.00	0	0	0	0	0
scaffold_1354	3882	0	0.00	0	0	0	0	0
scaffold_1355	3853	10	2.60	5	0	5	0	0
scaffold_1356	3846	0	0.00	0	0	0	0	0
scaffold_1357	3819	0	0.00	0	0	0	0	0
scaffold_1358	3815	0	0.00	0	0	0	0	0
scaffold_1359	3813	0	0.00	0	0	0	0	0
scaffold_136	99520	0	0.00	0	0	0	0	0
scaffold_1360	3793	0	0.00	0	0	0	0	0
scaffold_1361	3766	0	0.00	0	0	0	0	0
scaffold_1362	3762	2	0.53	1	0	1	0	0
scaffold_1363	3752	0	0.00	0	0	0	0	0
scaffold_1364	3730	0	0.00	0	0	0	0	0
scaffold_1365	3730	0	0.00	0	0	0	0	0
scaffold_1366	3722	2	0.54	1	0	1	0	0
scaffold_1367	3717	0	0.00	0	0	0	0	0
scaffold_1368	3714	0	0.00	0	0	0	0	0
scaffold_1369	3713	0	0.00	0	0	0	0	0
scaffold_137	99247	0	0.00	0	0	0	0	0
scaffold_1370	3709	0	0.00	0	0	0	0	0
scaffold_1371	3694	0	0.00	0	0	0	0	0
scaffold_1372	3675	0	0.00	0	0	0	0	0
scaffold_1373	3674	2	0.54	1	0	0	1	0.00
scaffold_1374	3663	0	0.00	0	0	0	0	0
scaffold_1375	3648	16	4.39	8	0	6	2	3.00
scaffold_1376	3614	0	0.00	0	0	0	0	0
scaffold_1377	3608	0	0.00	0	0	0	0	0
scaffold_1378	3583	0	0.00	0	0	0	0	0
scaffold_1379	3568	0	0.00	0	0	0	0	0
scaffold_138	98957	0	0.00	0	0	0	0	0
scaffold_1380	3564	0	0.00	0	0	0	0	0
scaffold_1381	3553	0	0.00	0	0	0	0	0
scaffold_1382	3551	0	0.00	0	0	0	0	0
scaffold_1383	3548	0	0.00	0	0	0	0	0
scaffold_1384	3539	0	0.00	0	0	0	0	0
scaffold_1385	3528	16	4.54	8	0	6	2	3.00
scaffold_1386	3510	0	0.00	0	0	0	0	0
scaffold_1387	3485	0	0.00	0	0	0	0	0
scaffold_1388	3483	0	0.00	0	0	0	0	0
scaffold_1389	3478	0	0.00	0	0	0	0	0
scaffold_139	98853	0	0.00	0	0	0	0	0
scaffold_1390	3473	0	0.00	0	0	0	0	0
scaffold_1391	3453	0	0.00	0	0	0	0	0
scaffold_1392	3438	0	0.00	0	0	0	0	0
scaffold_1393	3427	0	0.00	0	0	0	0	0
scaffold_1394	3417	0	0.00	0	0	0	0	0
scaffold_1395	3416	0	0.00	0	0	0	0	0
scaffold_1396	3379	0	0.00	0	0	0	0	0
scaffold_1397	3362	0	0.00	0	0	0	0	0
scaffold_1398	3353	0	0.00	0	0	0	0	0
scaffold_1399	3342	0	0.00	0	0	0	0	0
scaffold_14	251047	2	0.01	1	0	1	0	0
scaffold_140	98588	0	0.00	0	0	0	0	0
scaffold_1400	3327	0	0.00	0	0	0	0	0
scaffold_1401	3317	0	0.00	0	0	0	0	0
scaffold_1402	3316	0	0.00	0	0	0	0	0
scaffold_1403	3306	0	0.00	0	0	0	0	0
scaffold_1404	3294	0	0.00	0	0	0	0	0
scaffold_1405	3290	0	0.00	0	0	0	0	0
scaffold_1406	3280	0	0.00	0	0	0	0	0
scaffold_1407	3276	0	0.00	0	0	0	0	0
scaffold_1408	3268	0	0.00	0	0	0	0	0
scaffold_1409	3266	0	0.00	0	0	0	0	0
scaffold_141	98466	0	0.00	0	0	0	0	0
scaffold_1410	3249	0	0.00	0	0	0	0	0
scaffold_1411	3246	0	0.00	0	0	0	0	0
scaffold_1412	3233	0	0.00	0	0	0	0	0
scaffold_1413	3226	2	0.62	1	0	1	0	0
scaffold_1414	3225	20	6.20	10	0	2	8	0.25
scaffold_1415	3217	0	0.00	0	0	0	0	0
scaffold_1416	3185	0	0.00	0	0	0	0	0
scaffold_1417	3174	0	0.00	0	0	0	0	0
scaffold_1418	3152	0	0.00	0	0	0	0	0
scaffold_1419	3125	0	0.00	0	0	0	0	0
scaffold_142	98174	0	0.00	0	0	0	0	0
scaffold_1420	3114	6	1.93	3	0	3	0	0
scaffold_1421	3110	0	0.00	0	0	0	0	0
scaffold_1422	3095	0	0.00	0	0	0	0	0
scaffold_1423	3083	0	0.00	0	0	0	0	0
scaffold_1424	3082	0	0.00	0	0	0	0	0
scaffold_1425	3080	0	0.00	0	0	0	0	0
scaffold_1426	3076	0	0.00	0	0	0	0	0
scaffold_1427	3071	0	0.00	0	0	0	0	0
scaffold_1428	3067	0	0.00	0	0	0	0	0
scaffold_1429	3067	0	0.00	0	0	0	0	0
scaffold_143	97840	0	0.00	0	0	0	0	0
scaffold_1430	3053	0	0.00	0	0	0	0	0
scaffold_1431	3033	0	0.00	0	0	0	0	0
scaffold_1432	3032	0	0.00	0	0	0	0	0
scaffold_1433	3029	0	0.00	0	0	0	0	0
scaffold_1434	3020	0	0.00	0	0	0	0	0
scaffold_1435	3013	0	0.00	0	0	0	0	0
scaffold_1436	3005	0	0.00	0	0	0	0	0
scaffold_1437	3000	0	0.00	0	0	0	0	0
scaffold_1438	2992	0	0.00	0	0	0	0	0
scaffold_1439	2980	0	0.00	0	0	0	0	0
scaffold_144	97071	0	0.00	0	0	0	0	0
scaffold_1440	2960	0	0.00	0	0	0	0	0
scaffold_1441	2957	0	0.00	0	0	0	0	0
scaffold_1442	2922	0	0.00	0	0	0	0	0
scaffold_1443	2921	0	0.00	0	0	0	0	0
scaffold_1444	2909	0	0.00	0	0	0	0	0
scaffold_1445	2903	22	7.58	11	0	6	5	1.20
scaffold_1446	2897	0	0.00	0	0	0	0	0
scaffold_1447	2877	0	0.00	0	0	0	0	0
scaffold_1448	2870	0	0.00	0	0	0	0	0
scaffold_1449	2845	0	0.00	0	0	0	0	0
scaffold_145	96376	0	0.00	0	0	0	0	0
scaffold_1450	2832	0	0.00	0	0	0	0	0
scaffold_1451	2811	0	0.00	0	0	0	0	0
scaffold_1452	2798	0	0.00	0	0	0	0	0
scaffold_1453	2797	0	0.00	0	0	0	0	0
scaffold_1454	2793	0	0.00	0	0	0	0	0
scaffold_1455	2785	0	0.00	0	0	0	0	0
scaffold_1456	2784	0	0.00	0	0	0	0	0
scaffold_1457	2783	0	0.00	0	0	0	0	0
scaffold_1458	2765	0	0.00	0	0	0	0	0
scaffold_1459	2757	0	0.00	0	0	0	0	0
scaffold_146	96213	2	0.02	1	0	1	0	0
scaffold_1460	2738	0	0.00	0	0	0	0	0
scaffold_1461	2723	4	1.47	2	0	2	0	0
scaffold_1462	2714	0	0.00	0	0	0	0	0
scaffold_1463	2703	0	0.00	0	0	0	0	0
scaffold_1464	2702	0	0.00	0	0	0	0	0
scaffold_1465	2697	0	0.00	0	0	0	0	0
scaffold_1466	2695	0	0.00	0	0	0	0	0
scaffold_1467	2688	0	0.00	0	0	0	0	0
scaffold_1468	2682	0	0.00	0	0	0	0	0
scaffold_1469	2672	0	0.00	0	0	0	0	0
scaffold_147	96184	2	0.02	1	0	1	0	0
scaffold_1470	2652	6	2.26	3	0	3	0	0
scaffold_1471	2637	0	0.00	0	0	0	0	0
scaffold_1472	2625	14	5.33	7	0	7	0	0
scaffold_1473	2609	0	0.00	0	0	0	0	0
scaffold_1474	2603	0	0.00	0	0	0	0	0
scaffold_1475	2589	0	0.00	0	0	0	0	0
scaffold_1476	2573	0	0.00	0	0	0	0	0
scaffold_1477	2552	0	0.00	0	0	0	0	0
scaffold_1478	2547	0	0.00	0	0	0	0	0
scaffold_1479	2543	4	1.57	2	0	2	0	0
scaffold_148	96092	0	0.00	0	0	0	0	0
scaffold_1480	2528	0	0.00	0	0	0	0	0
scaffold_1481	2509	0	0.00	0	0	0	0	0
scaffold_1482	2506	0	0.00	0	0	0	0	0
scaffold_1483	2504	0	0.00	0	0	0	0	0
scaffold_1484	2499	0	0.00	0	0	0	0	0
scaffold_1485	2493	0	0.00	0	0	0	0	0
scaffold_1486	2465	0	0.00	0	0	0	0	0
scaffold_1487	2465	0	0.00	0	0	0	0	0
scaffold_1488	2460	0	0.00	0	0	0	0	0
scaffold_1489	2453	0	0.00	0	0	0	0	0
scaffold_149	95866	2	0.02	1	0	1	0	0
scaffold_1490	2453	0	0.00	0	0	0	0	0
scaffold_1491	2449	0	0.00	0	0	0	0	0
scaffold_1492	2442	0	0.00	0	0	0	0	0
scaffold_1493	2432	0	0.00	0	0	0	0	0
scaffold_1494	2432	2	0.82	1	0	1	0	0
scaffold_1495	2428	10	4.12	5	0	5	0	0
scaffold_1496	2403	0	0.00	0	0	0	0	0
scaffold_1497	2401	0	0.00	0	0	0	0	0
scaffold_1498	2390	0	0.00	0	0	0	0	0
scaffold_1499	2386	0	0.00	0	0	0	0	0
scaffold_15	249908	0	0.00	0	0	0	0	0
scaffold_150	95323	4	0.04	2	0	2	0	0
scaffold_1500	2377	0	0.00	0	0	0	0	0
scaffold_1501	2368	0	0.00	0	0	0	0	0
scaffold_1502	2357	0	0.00	0	0	0	0	0
scaffold_1503	2356	0	0.00	0	0	0	0	0
scaffold_1504	2354	0	0.00	0	0	0	0	0
scaffold_1505	2344	0	0.00	0	0	0	0	0
scaffold_1506	2340	0	0.00	0	0	0	0	0
scaffold_1507	2337	0	0.00	0	0	0	0	0
scaffold_1508	2309	0	0.00	0	0	0	0	0
scaffold_1509	2301	0	0.00	0	0	0	0	0
scaffold_151	94995	2	0.02	1	0	0	1	0.00
scaffold_1510	2299	0	0.00	0	0	0	0	0
scaffold_1511	2280	0	0.00	0	0	0	0	0
scaffold_1512	2276	2	0.88	1	0	1	0	0
scaffold_1513	2274	0	0.00	0	0	0	0	0
scaffold_1514	2268	0	0.00	0	0	0	0	0
scaffold_1515	2265	0	0.00	0	0	0	0	0
scaffold_1516	2257	0	0.00	0	0	0	0	0
scaffold_1517	2256	0	0.00	0	0	0	0	0
scaffold_1518	2254	0	0.00	0	0	0	0	0
scaffold_1519	2253	2	0.89	1	0	1	0	0
scaffold_152	94950	14	0.15	7	0	6	1	6.00
scaffold_1520	2250	0	0.00	0	0	0	0	0
scaffold_1521	2240	0	0.00	0	0	0	0	0
scaffold_1522	2237	0	0.00	0	0	0	0	0
scaffold_1523	2234	0	0.00	0	0	0	0	0
scaffold_1524	2234	0	0.00	0	0	0	0	0
scaffold_1525	2234	0	0.00	0	0	0	0	0
scaffold_1526	2187	0	0.00	0	0	0	0	0
scaffold_1527	2169	0	0.00	0	0	0	0	0
scaffold_1528	2165	0	0.00	0	0	0	0	0
scaffold_1529	2154	0	0.00	0	0	0	0	0
scaffold_153	94715	2	0.02	1	0	0	1	0.00
scaffold_1530	2152	0	0.00	0	0	0	0	0
scaffold_1531	2151	0	0.00	0	0	0	0	0
scaffold_1532	2141	0	0.00	0	0	0	0	0
scaffold_1533	2136	0	0.00	0	0	0	0	0
scaffold_1534	2133	8	3.75	4	0	2	2	1.00
scaffold_1535	2120	0	0.00	0	0	0	0	0
scaffold_1536	2113	0	0.00	0	0	0	0	0
scaffold_1537	2105	0	0.00	0	0	0	0	0
scaffold_1538	2081	0	0.00	0	0	0	0	0
scaffold_1539	2066	0	0.00	0	0	0	0	0
scaffold_154	94398	0	0.00	0	0	0	0	0
scaffold_1540	2061	0	0.00	0	0	0	0	0
scaffold_1541	2058	0	0.00	0	0	0	0	0
scaffold_1542	2044	0	0.00	0	0	0	0	0
scaffold_1543	2026	0	0.00	0	0	0	0	0
scaffold_1544	2023	0	0.00	0	0	0	0	0
scaffold_1545	2013	0	0.00	0	0	0	0	0
scaffold_1546	2009	4	1.99	2	0	2	0	0
scaffold_1547	2006	0	0.00	0	0	0	0	0
scaffold_1548	2003	0	0.00	0	0	0	0	0
scaffold_1549	1991	0	0.00	0	0	0	0	0
scaffold_155	94362	0	0.00	0	0	0	0	0
scaffold_1550	1988	0	0.00	0	0	0	0	0
scaffold_1551	1983	0	0.00	0	0	0	0	0
scaffold_1552	1982	4	2.02	2	0	2	0	0
scaffold_1553	1981	0	0.00	0	0	0	0	0
scaffold_1554	1980	0	0.00	0	0	0	0	0
scaffold_1555	1977	0	0.00	0	0	0	0	0
scaffold_1556	1971	0	0.00	0	0	0	0	0
scaffold_1557	1966	0	0.00	0	0	0	0	0
scaffold_1558	1952	0	0.00	0	0	0	0	0
scaffold_1559	1947	16	8.22	8	0	5	3	1.67
scaffold_156	94110	0	0.00	0	0	0	0	0
scaffold_1560	1935	20	10.34	10	0	8	2	4.00
scaffold_1561	1925	0	0.00	0	0	0	0	0
scaffold_1562	1922	2	1.04	1	0	1	0	0
scaffold_1563	1909	0	0.00	0	0	0	0	0
scaffold_1564	1907	0	0.00	0	0	0	0	0
scaffold_1565	1901	0	0.00	0	0	0	0	0
scaffold_1566	1898	0	0.00	0	0	0	0	0
scaffold_1567	1897	0	0.00	0	0	0	0	0
scaffold_1568	1897	0	0.00	0	0	0	0	0
scaffold_1569	1890	0	0.00	0	0	0	0	0
scaffold_157	92074	0	0.00	0	0	0	0	0
scaffold_1570	1884	10	5.31	5	0	3	2	1.50
scaffold_1571	1876	0	0.00	0	0	0	0	0
scaffold_1572	1875	0	0.00	0	0	0	0	0
scaffold_1573	1874	0	0.00	0	0	0	0	0
scaffold_1574	1874	0	0.00	0	0	0	0	0
scaffold_1575	1867	0	0.00	0	0	0	0	0
scaffold_1576	1865	0	0.00	0	0	0	0	0
scaffold_1577	1863	0	0.00	0	0	0	0	0
scaffold_1578	1862	0	0.00	0	0	0	0	0
scaffold_1579	1855	0	0.00	0	0	0	0	0
scaffold_158	92037	0	0.00	0	0	0	0	0
scaffold_1580	1847	0	0.00	0	0	0	0	0
scaffold_1581	1845	0	0.00	0	0	0	0	0
scaffold_1582	1835	0	0.00	0	0	0	0	0
scaffold_1583	1822	0	0.00	0	0	0	0	0
scaffold_1584	1814	0	0.00	0	0	0	0	0
scaffold_1585	1806	0	0.00	0	0	0	0	0
scaffold_1586	1799	0	0.00	0	0	0	0	0
scaffold_1587	1774	0	0.00	0	0	0	0	0
scaffold_1588	1764	0	0.00	0	0	0	0	0
scaffold_1589	1763	0	0.00	0	0	0	0	0
scaffold_159	91934	0	0.00	0	0	0	0	0
scaffold_1590	1761	0	0.00	0	0	0	0	0
scaffold_1591	1760	0	0.00	0	0	0	0	0
scaffold_1592	1744	4	2.29	2	0	2	0	0
scaffold_1593	1737	0	0.00	0	0	0	0	0
scaffold_1594	1731	0	0.00	0	0	0	0	0
scaffold_1595	1727	0	0.00	0	0	0	0	0
scaffold_1596	1717	0	0.00	0	0	0	0	0
scaffold_1597	1716	0	0.00	0	0	0	0	0
scaffold_1598	1710	0	0.00	0	0	0	0	0
scaffold_1599	1704	0	0.00	0	0	0	0	0
scaffold_16	249786	0	0.00	0	0	0	0	0
scaffold_160	91909	0	0.00	0	0	0	0	0
scaffold_1600	1700	0	0.00	0	0	0	0	0
scaffold_1601	1699	0	0.00	0	0	0	0	0
scaffold_1602	1697	0	0.00	0	0	0	0	0
scaffold_1603	1687	4	2.37	2	0	1	1	1.00
scaffold_1604	1685	0	0.00	0	0	0	0	0
scaffold_1605	1683	0	0.00	0	0	0	0	0
scaffold_1606	1682	0	0.00	0	0	0	0	0
scaffold_1607	1680	0	0.00	0	0	0	0	0
scaffold_1608	1677	0	0.00	0	0	0	0	0
scaffold_1609	1666	0	0.00	0	0	0	0	0
scaffold_161	91311	0	0.00	0	0	0	0	0
scaffold_1610	1663	0	0.00	0	0	0	0	0
scaffold_1611	1651	0	0.00	0	0	0	0	0
scaffold_1612	1648	0	0.00	0	0	0	0	0
scaffold_1613	1648	0	0.00	0	0	0	0	0
scaffold_1614	1643	0	0.00	0	0	0	0	0
scaffold_1615	1638	0	0.00	0	0	0	0	0
scaffold_1616	1632	0	0.00	0	0	0	0	0
scaffold_1617	1629	0	0.00	0	0	0	0	0
scaffold_1618	1626	0	0.00	0	0	0	0	0
scaffold_1619	1621	0	0.00	0	0	0	0	0
scaffold_162	91171	0	0.00	0	0	0	0	0
scaffold_1620	1609	0	0.00	0	0	0	0	0
scaffold_1621	1605	0	0.00	0	0	0	0	0
scaffold_1622	1599	2	1.25	1	0	1	0	0
scaffold_1623	1591	0	0.00	0	0	0	0	0
scaffold_1624	1578	0	0.00	0	0	0	0	0
scaffold_1625	1571	0	0.00	0	0	0	0	0
scaffold_1626	1569	0	0.00	0	0	0	0	0
scaffold_1627	1567	0	0.00	0	0	0	0	0
scaffold_1628	1563	0	0.00	0	0	0	0	0
scaffold_1629	1557	0	0.00	0	0	0	0	0
scaffold_163	90962	0	0.00	0	0	0	0	0
scaffold_1630	1554	0	0.00	0	0	0	0	0
scaffold_1631	1552	0	0.00	0	0	0	0	0
scaffold_1632	1551	0	0.00	0	0	0	0	0
scaffold_1633	1537	0	0.00	0	0	0	0	0
scaffold_1634	1528	0	0.00	0	0	0	0	0
scaffold_1635	1482	0	0.00	0	0	0	0	0
scaffold_1636	1481	0	0.00	0	0	0	0	0
scaffold_1637	1481	0	0.00	0	0	0	0	0
scaffold_1638	1481	0	0.00	0	0	0	0	0
scaffold_1639	1480	0	0.00	0	0	0	0	0
scaffold_164	90636	2	0.02	1	0	0	1	0.00
scaffold_1640	1474	0	0.00	0	0	0	0	0
scaffold_1641	1471	0	0.00	0	0	0	0	0
scaffold_1642	1460	0	0.00	0	0	0	0	0
scaffold_1643	1454	0	0.00	0	0	0	0	0
scaffold_1644	1452	0	0.00	0	0	0	0	0
scaffold_1645	1451	0	0.00	0	0	0	0	0
scaffold_1646	1446	0	0.00	0	0	0	0	0
scaffold_1647	1445	4	2.77	2	0	2	0	0
scaffold_1648	1439	0	0.00	0	0	0	0	0
scaffold_1649	1434	0	0.00	0	0	0	0	0
scaffold_165	90587	16	0.18	8	0	4	4	1.00
scaffold_1650	1432	0	0.00	0	0	0	0	0
scaffold_1651	1430	0	0.00	0	0	0	0	0
scaffold_1652	1425	0	0.00	0	0	0	0	0
scaffold_1653	1418	0	0.00	0	0	0	0	0
scaffold_1654	1415	0	0.00	0	0	0	0	0
scaffold_1655	1406	4	2.84	2	0	2	0	0
scaffold_1656	1405	0	0.00	0	0	0	0	0
scaffold_1657	1404	4	2.85	2	0	0	2	0.00
scaffold_1658	1393	0	0.00	0	0	0	0	0
scaffold_1659	1386	0	0.00	0	0	0	0	0
scaffold_166	90340	4	0.04	2	0	1	1	1.00
scaffold_1660	1385	0	0.00	0	0	0	0	0
scaffold_1661	1367	0	0.00	0	0	0	0	0
scaffold_1662	1360	0	0.00	0	0	0	0	0
scaffold_1663	1359	0	0.00	0	0	0	0	0
scaffold_1664	1355	0	0.00	0	0	0	0	0
scaffold_1665	1352	2	1.48	1	0	0	1	0.00
scaffold_1666	1351	0	0.00	0	0	0	0	0
scaffold_1667	1342	0	0.00	0	0	0	0	0
scaffold_1668	1334	0	0.00	0	0	0	0	0
scaffold_1669	1332	0	0.00	0	0	0	0	0
scaffold_167	90125	0	0.00	0	0	0	0	0
scaffold_1670	1327	0	0.00	0	0	0	0	0
scaffold_1671	1323	0	0.00	0	0	0	0	0
scaffold_1672	1318	0	0.00	0	0	0	0	0
scaffold_1673	1316	0	0.00	0	0	0	0	0
scaffold_1674	1312	0	0.00	0	0	0	0	0
scaffold_1675	1307	10	7.65	5	0	4	1	4.00
scaffold_1676	1304	0	0.00	0	0	0	0	0
scaffold_1677	1286	0	0.00	0	0	0	0	0
scaffold_1678	1281	12	9.37	6	0	4	2	2.00
scaffold_1679	1280	0	0.00	0	0	0	0	0
scaffold_168	89552	0	0.00	0	0	0	0	0
scaffold_1680	1280	0	0.00	0	0	0	0	0
scaffold_1681	1274	0	0.00	0	0	0	0	0
scaffold_1682	1270	0	0.00	0	0	0	0	0
scaffold_1683	1265	0	0.00	0	0	0	0	0
scaffold_1684	1256	0	0.00	0	0	0	0	0
scaffold_1685	1255	0	0.00	0	0	0	0	0
scaffold_1686	1254	8	6.38	4	0	2	2	1.00
scaffold_1687	1248	2	1.60	1	0	0	1	0.00
scaffold_1688	1244	0	0.00	0	0	0	0	0
scaffold_1689	1223	0	0.00	0	0	0	0	0
scaffold_169	89497	0	0.00	0	0	0	0	0
scaffold_1690	1218	0	0.00	0	0	0	0	0
scaffold_1691	1218	0	0.00	0	0	0	0	0
scaffold_1692	1215	0	0.00	0	0	0	0	0
scaffold_1693	1212	0	0.00	0	0	0	0	0
scaffold_1694	1211	0	0.00	0	0	0	0	0
scaffold_1695	1210	0	0.00	0	0	0	0	0
scaffold_1696	1194	0	0.00	0	0	0	0	0
scaffold_1697	1190	8	6.72	4	0	3	1	3.00
scaffold_1698	1188	0	0.00	0	0	0	0	0
scaffold_1699	1181	0	0.00	0	0	0	0	0
scaffold_17	247445	0	0.00	0	0	0	0	0
scaffold_170	89113	0	0.00	0	0	0	0	0
scaffold_1700	1180	0	0.00	0	0	0	0	0
scaffold_1701	1177	0	0.00	0	0	0	0	0
scaffold_1702	1172	0	0.00	0	0	0	0	0
scaffold_1703	1165	0	0.00	0	0	0	0	0
scaffold_1704	1165	0	0.00	0	0	0	0	0
scaffold_1705	1163	0	0.00	0	0	0	0	0
scaffold_1706	1162	0	0.00	0	0	0	0	0
scaffold_1707	1159	0	0.00	0	0	0	0	0
scaffold_1708	1155	4	3.46	2	0	2	0	0
scaffold_1709	1154	0	0.00	0	0	0	0	0
scaffold_171	89055	0	0.00	0	0	0	0	0
scaffold_1710	1153	0	0.00	0	0	0	0	0
scaffold_1711	1149	0	0.00	0	0	0	0	0
scaffold_1712	1148	0	0.00	0	0	0	0	0
scaffold_1713	1145	0	0.00	0	0	0	0	0
scaffold_1714	1144	0	0.00	0	0	0	0	0
scaffold_1715	1141	0	0.00	0	0	0	0	0
scaffold_1716	1130	0	0.00	0	0	0	0	0
scaffold_1717	1126	0	0.00	0	0	0	0	0
scaffold_1718	1125	0	0.00	0	0	0	0	0
scaffold_1719	1125	0	0.00	0	0	0	0	0
scaffold_172	88919	4	0.04	2	0	0	2	0.00
scaffold_1720	1120	0	0.00	0	0	0	0	0
scaffold_1721	1119	0	0.00	0	0	0	0	0
scaffold_1722	1119	0	0.00	0	0	0	0	0
scaffold_1723	1117	0	0.00	0	0	0	0	0
scaffold_1724	1116	0	0.00	0	0	0	0	0
scaffold_1725	1112	0	0.00	0	0	0	0	0
scaffold_1726	1108	4	3.61	2	0	2	0	0
scaffold_1727	1106	0	0.00	0	0	0	0	0
scaffold_1728	1103	2	1.81	1	0	0	1	0.00
scaffold_1729	1095	0	0.00	0	0	0	0	0
scaffold_173	88576	0	0.00	0	0	0	0	0
scaffold_1730	1094	0	0.00	0	0	0	0	0
scaffold_1731	1088	6	5.51	3	0	2	1	2.00
scaffold_1732	1085	0	0.00	0	0	0	0	0
scaffold_1733	1081	0	0.00	0	0	0	0	0
scaffold_1734	1081	0	0.00	0	0	0	0	0
scaffold_1735	1077	0	0.00	0	0	0	0	0
scaffold_1736	1071	0	0.00	0	0	0	0	0
scaffold_1737	1069	0	0.00	0	0	0	0	0
scaffold_1738	1058	0	0.00	0	0	0	0	0
scaffold_1739	1057	2	1.89	1	0	1	0	0
scaffold_174	88445	8	0.09	4	0	4	0	0
scaffold_1740	1052	0	0.00	0	0	0	0	0
scaffold_1741	1050	0	0.00	0	0	0	0	0
scaffold_1742	1049	0	0.00	0	0	0	0	0
scaffold_1743	1046	0	0.00	0	0	0	0	0
scaffold_1744	1039	0	0.00	0	0	0	0	0
scaffold_1745	1029	0	0.00	0	0	0	0	0
scaffold_1746	1022	0	0.00	0	0	0	0	0
scaffold_1747	1012	0	0.00	0	0	0	0	0
scaffold_1748	1010	0	0.00	0	0	0	0	0
scaffold_1749	1009	0	0.00	0	0	0	0	0
scaffold_175	88147	0	0.00	0	0	0	0	0
scaffold_1750	1008	0	0.00	0	0	0	0	0
scaffold_1751	1007	0	0.00	0	0	0	0	0
scaffold_1752	1007	0	0.00	0	0	0	0	0
scaffold_1753	1003	8	7.98	4	0	4	0	0
scaffold_1754	1002	0	0.00	0	0	0	0	0
scaffold_1755	1002	0	0.00	0	0	0	0	0
scaffold_1756	1002	0	0.00	0	0	0	0	0
scaffold_1757	998	0	0.00	0	0	0	0	0
scaffold_1758	996	0	0.00	0	0	0	0	0
scaffold_1759	991	0	0.00	0	0	0	0	0
scaffold_176	88071	18	0.20	9	0	7	2	3.50
scaffold_1760	987	0	0.00	0	0	0	0	0
scaffold_1761	984	0	0.00	0	0	0	0	0
scaffold_1762	980	0	0.00	0	0	0	0	0
scaffold_1763	975	0	0.00	0	0	0	0	0
scaffold_1764	967	0	0.00	0	0	0	0	0
scaffold_1765	965	0	0.00	0	0	0	0	0
scaffold_1766	965	0	0.00	0	0	0	0	0
scaffold_1767	962	0	0.00	0	0	0	0	0
scaffold_1768	959	0	0.00	0	0	0	0	0
scaffold_1769	951	2	2.10	1	0	0	1	0.00
scaffold_177	87555	0	0.00	0	0	0	0	0
scaffold_1770	949	0	0.00	0	0	0	0	0
scaffold_1771	944	0	0.00	0	0	0	0	0
scaffold_1772	939	0	0.00	0	0	0	0	0
scaffold_1773	937	0	0.00	0	0	0	0	0
scaffold_1774	935	0	0.00	0	0	0	0	0
scaffold_1775	934	0	0.00	0	0	0	0	0
scaffold_1776	933	0	0.00	0	0	0	0	0
scaffold_1777	932	0	0.00	0	0	0	0	0
scaffold_1778	928	0	0.00	0	0	0	0	0
scaffold_1779	920	0	0.00	0	0	0	0	0
scaffold_178	87539	0	0.00	0	0	0	0	0
scaffold_1780	920	0	0.00	0	0	0	0	0
scaffold_1781	919	0	0.00	0	0	0	0	0
scaffold_1782	915	0	0.00	0	0	0	0	0
scaffold_1783	915	4	4.37	2	0	2	0	0
scaffold_1784	911	0	0.00	0	0	0	0	0
scaffold_1785	908	0	0.00	0	0	0	0	0
scaffold_1786	905	0	0.00	0	0	0	0	0
scaffold_1787	904	0	0.00	0	0	0	0	0
scaffold_1788	900	0	0.00	0	0	0	0	0
scaffold_1789	896	0	0.00	0	0	0	0	0
scaffold_179	86103	0	0.00	0	0	0	0	0
scaffold_1790	896	4	4.46	2	0	2	0	0
scaffold_1791	892	0	0.00	0	0	0	0	0
scaffold_1792	889	0	0.00	0	0	0	0	0
scaffold_1793	885	0	0.00	0	0	0	0	0
scaffold_1794	884	0	0.00	0	0	0	0	0
scaffold_1795	874	0	0.00	0	0	0	0	0
scaffold_1796	871	0	0.00	0	0	0	0	0
scaffold_1797	867	0	0.00	0	0	0	0	0
scaffold_1798	861	0	0.00	0	0	0	0	0
scaffold_1799	861	0	0.00	0	0	0	0	0
scaffold_18	226956	0	0.00	0	0	0	0	0
scaffold_180	85698	12	0.14	6	0	4	2	2.00
scaffold_1800	858	0	0.00	0	0	0	0	0
scaffold_1801	857	0	0.00	0	0	0	0	0
scaffold_1802	856	0	0.00	0	0	0	0	0
scaffold_1803	853	4	4.69	2	0	2	0	0
scaffold_1804	852	0	0.00	0	0	0	0	0
scaffold_1805	852	0	0.00	0	0	0	0	0
scaffold_1806	851	0	0.00	0	0	0	0	0
scaffold_1807	846	0	0.00	0	0	0	0	0
scaffold_1808	846	0	0.00	0	0	0	0	0
scaffold_1809	842	0	0.00	0	0	0	0	0
scaffold_181	85326	0	0.00	0	0	0	0	0
scaffold_1810	841	2	2.38	1	0	1	0	0
scaffold_1811	840	0	0.00	0	0	0	0	0
scaffold_1812	836	0	0.00	0	0	0	0	0
scaffold_1813	834	0	0.00	0	0	0	0	0
scaffold_1814	830	8	9.64	4	0	4	0	0
scaffold_1815	829	0	0.00	0	0	0	0	0
scaffold_1816	826	0	0.00	0	0	0	0	0
scaffold_1817	822	4	4.87	2	0	1	1	1.00
scaffold_1818	815	0	0.00	0	0	0	0	0
scaffold_1819	813	0	0.00	0	0	0	0	0
scaffold_182	85250	0	0.00	0	0	0	0	0
scaffold_1820	812	0	0.00	0	0	0	0	0
scaffold_1821	810	0	0.00	0	0	0	0	0
scaffold_1822	810	0	0.00	0	0	0	0	0
scaffold_1823	809	0	0.00	0	0	0	0	0
scaffold_1824	806	0	0.00	0	0	0	0	0
scaffold_1825	801	0	0.00	0	0	0	0	0
scaffold_1826	801	0	0.00	0	0	0	0	0
scaffold_1827	797	0	0.00	0	0	0	0	0
scaffold_1828	789	0	0.00	0	0	0	0	0
scaffold_1829	784	0	0.00	0	0	0	0	0
scaffold_183	85132	0	0.00	0	0	0	0	0
scaffold_1830	783	0	0.00	0	0	0	0	0
scaffold_1831	783	0	0.00	0	0	0	0	0
scaffold_1832	782	0	0.00	0	0	0	0	0
scaffold_1833	781	0	0.00	0	0	0	0	0
scaffold_1834	781	14	17.93	7	0	6	1	6.00
scaffold_1835	775	0	0.00	0	0	0	0	0
scaffold_1836	774	0	0.00	0	0	0	0	0
scaffold_1837	773	0	0.00	0	0	0	0	0
scaffold_1838	773	0	0.00	0	0	0	0	0
scaffold_1839	772	0	0.00	0	0	0	0	0
scaffold_184	84854	0	0.00	0	0	0	0	0
scaffold_1840	771	0	0.00	0	0	0	0	0
scaffold_1841	770	0	0.00	0	0	0	0	0
scaffold_1842	768	0	0.00	0	0	0	0	0
scaffold_1843	766	0	0.00	0	0	0	0	0
scaffold_1844	765	0	0.00	0	0	0	0	0
scaffold_1845	760	0	0.00	0	0	0	0	0
scaffold_1846	753	0	0.00	0	0	0	0	0
scaffold_1847	753	0	0.00	0	0	0	0	0
scaffold_1848	753	0	0.00	0	0	0	0	0
scaffold_1849	747	0	0.00	0	0	0	0	0
scaffold_185	84401	0	0.00	0	0	0	0	0
scaffold_1850	746	0	0.00	0	0	0	0	0
scaffold_1851	744	0	0.00	0	0	0	0	0
scaffold_1852	743	0	0.00	0	0	0	0	0
scaffold_1853	743	0	0.00	0	0	0	0	0
scaffold_1854	742	0	0.00	0	0	0	0	0
scaffold_1855	741	2	2.70	1	0	1	0	0
scaffold_1856	741	0	0.00	0	0	0	0	0
scaffold_1857	738	0	0.00	0	0	0	0	0
scaffold_1858	738	0	0.00	0	0	0	0	0
scaffold_1859	737	0	0.00	0	0	0	0	0
scaffold_186	84256	0	0.00	0	0	0	0	0
scaffold_1860	735	0	0.00	0	0	0	0	0
scaffold_1861	732	0	0.00	0	0	0	0	0
scaffold_1862	732	0	0.00	0	0	0	0	0
scaffold_1863	730	0	0.00	0	0	0	0	0
scaffold_1864	726	2	2.75	1	0	0	1	0.00
scaffold_1865	726	0	0.00	0	0	0	0	0
scaffold_1866	724	0	0.00	0	0	0	0	0
scaffold_1867	723	6	8.30	3	0	3	0	0
scaffold_1868	723	0	0.00	0	0	0	0	0
scaffold_1869	721	0	0.00	0	0	0	0	0
scaffold_187	83972	0	0.00	0	0	0	0	0
scaffold_1870	720	0	0.00	0	0	0	0	0
scaffold_1871	720	0	0.00	0	0	0	0	0
scaffold_1872	720	0	0.00	0	0	0	0	0
scaffold_1873	719	0	0.00	0	0	0	0	0
scaffold_1874	717	0	0.00	0	0	0	0	0
scaffold_1875	712	0	0.00	0	0	0	0	0
scaffold_1876	710	0	0.00	0	0	0	0	0
scaffold_1877	709	4	5.64	2	0	1	1	1.00
scaffold_1878	705	0	0.00	0	0	0	0	0
scaffold_1879	703	0	0.00	0	0	0	0	0
scaffold_188	83892	0	0.00	0	0	0	0	0
scaffold_1880	701	0	0.00	0	0	0	0	0
scaffold_1881	699	0	0.00	0	0	0	0	0
scaffold_1882	699	0	0.00	0	0	0	0	0
scaffold_1883	699	0	0.00	0	0	0	0	0
scaffold_1884	698	6	8.60	3	0	3	0	0
scaffold_1885	697	0	0.00	0	0	0	0	0
scaffold_1886	697	0	0.00	0	0	0	0	0
scaffold_1887	696	0	0.00	0	0	0	0	0
scaffold_1888	695	6	8.63	3	0	1	2	0.50
scaffold_1889	693	0	0.00	0	0	0	0	0
scaffold_189	83821	0	0.00	0	0	0	0	0
scaffold_1890	688	0	0.00	0	0	0	0	0
scaffold_1891	687	0	0.00	0	0	0	0	0
scaffold_1892	681	2	2.94	1	0	1	0	0
scaffold_1893	681	0	0.00	0	0	0	0	0
scaffold_1894	680	0	0.00	0	0	0	0	0
scaffold_1895	680	0	0.00	0	0	0	0	0
scaffold_1896	680	0	0.00	0	0	0	0	0
scaffold_1897	679	0	0.00	0	0	0	0	0
scaffold_1898	673	0	0.00	0	0	0	0	0
scaffold_1899	672	0	0.00	0	0	0	0	0
scaffold_19	223942	2	0.01	1	0	1	0	0
scaffold_190	83755	0	0.00	0	0	0	0	0
scaffold_1900	672	0	0.00	0	0	0	0	0
scaffold_1901	672	0	0.00	0	0	0	0	0
scaffold_1902	671	0	0.00	0	0	0	0	0
scaffold_1903	671	16	23.85	8	0	4	4	1.00
scaffold_1904	670	4	5.97	2	0	2	0	0
scaffold_1905	669	4	5.98	2	0	2	0	0
scaffold_1906	669	0	0.00	0	0	0	0	0
scaffold_1907	669	0	0.00	0	0	0	0	0
scaffold_1908	668	0	0.00	0	0	0	0	0
scaffold_1909	668	0	0.00	0	0	0	0	0
scaffold_191	83491	0	0.00	0	0	0	0	0
scaffold_1910	668	0	0.00	0	0	0	0	0
scaffold_1911	666	0	0.00	0	0	0	0	0
scaffold_1912	665	0	0.00	0	0	0	0	0
scaffold_1913	665	0	0.00	0	0	0	0	0
scaffold_1914	665	0	0.00	0	0	0	0	0
scaffold_1915	664	0	0.00	0	0	0	0	0
scaffold_1916	663	0	0.00	0	0	0	0	0
scaffold_1917	663	0	0.00	0	0	0	0	0
scaffold_1918	663	0	0.00	0	0	0	0	0
scaffold_1919	662	0	0.00	0	0	0	0	0
scaffold_192	83472	0	0.00	0	0	0	0	0
scaffold_1920	660	0	0.00	0	0	0	0	0
scaffold_1921	659	2	3.03	1	0	0	1	0.00
scaffold_1922	659	0	0.00	0	0	0	0	0
scaffold_1923	659	0	0.00	0	0	0	0	0
scaffold_1924	659	0	0.00	0	0	0	0	0
scaffold_1925	658	0	0.00	0	0	0	0	0
scaffold_1926	658	0	0.00	0	0	0	0	0
scaffold_1927	658	0	0.00	0	0	0	0	0
scaffold_1928	658	0	0.00	0	0	0	0	0
scaffold_1929	657	0	0.00	0	0	0	0	0
scaffold_193	82775	0	0.00	0	0	0	0	0
scaffold_1930	656	0	0.00	0	0	0	0	0
scaffold_1931	654	0	0.00	0	0	0	0	0
scaffold_1932	654	0	0.00	0	0	0	0	0
scaffold_1933	654	0	0.00	0	0	0	0	0
scaffold_1934	654	0	0.00	0	0	0	0	0
scaffold_1935	653	0	0.00	0	0	0	0	0
scaffold_1936	653	0	0.00	0	0	0	0	0
scaffold_1937	653	0	0.00	0	0	0	0	0
scaffold_1938	652	0	0.00	0	0	0	0	0
scaffold_1939	651	6	9.22	3	0	2	1	2.00
scaffold_194	82592	0	0.00	0	0	0	0	0
scaffold_1940	651	0	0.00	0	0	0	0	0
scaffold_1941	651	0	0.00	0	0	0	0	0
scaffold_1942	650	0	0.00	0	0	0	0	0
scaffold_1943	650	0	0.00	0	0	0	0	0
scaffold_1944	650	0	0.00	0	0	0	0	0
scaffold_1945	649	0	0.00	0	0	0	0	0
scaffold_1946	649	0	0.00	0	0	0	0	0
scaffold_1947	649	0	0.00	0	0	0	0	0
scaffold_1948	648	0	0.00	0	0	0	0	0
scaffold_1949	648	0	0.00	0	0	0	0	0
scaffold_195	82547	0	0.00	0	0	0	0	0
scaffold_1950	647	0	0.00	0	0	0	0	0
scaffold_1951	647	0	0.00	0	0	0	0	0
scaffold_1952	646	0	0.00	0	0	0	0	0
scaffold_1953	646	0	0.00	0	0	0	0	0
scaffold_1954	644	0	0.00	0	0	0	0	0
scaffold_1955	643	0	0.00	0	0	0	0	0
scaffold_1956	643	0	0.00	0	0	0	0	0
scaffold_1957	643	0	0.00	0	0	0	0	0
scaffold_1958	643	0	0.00	0	0	0	0	0
scaffold_1959	642	0	0.00	0	0	0	0	0
scaffold_196	82209	0	0.00	0	0	0	0	0
scaffold_1960	641	0	0.00	0	0	0	0	0
scaffold_1961	641	4	6.24	2	0	1	1	1.00
scaffold_1962	641	0	0.00	0	0	0	0	0
scaffold_1963	640	0	0.00	0	0	0	0	0
scaffold_1964	639	0	0.00	0	0	0	0	0
scaffold_1965	638	2	3.13	1	0	1	0	0
scaffold_1966	638	2	3.13	1	0	1	0	0
scaffold_1967	638	0	0.00	0	0	0	0	0
scaffold_1968	638	0	0.00	0	0	0	0	0
scaffold_1969	638	0	0.00	0	0	0	0	0
scaffold_197	82049	0	0.00	0	0	0	0	0
scaffold_1970	637	0	0.00	0	0	0	0	0
scaffold_1971	636	0	0.00	0	0	0	0	0
scaffold_1972	636	0	0.00	0	0	0	0	0
scaffold_1973	636	0	0.00	0	0	0	0	0
scaffold_1974	635	0	0.00	0	0	0	0	0
scaffold_1975	635	0	0.00	0	0	0	0	0
scaffold_1976	634	0	0.00	0	0	0	0	0
scaffold_1977	633	0	0.00	0	0	0	0	0
scaffold_1978	632	0	0.00	0	0	0	0	0
scaffold_1979	632	0	0.00	0	0	0	0	0
scaffold_198	82030	0	0.00	0	0	0	0	0
scaffold_1980	631	0	0.00	0	0	0	0	0
scaffold_1981	631	0	0.00	0	0	0	0	0
scaffold_1982	631	0	0.00	0	0	0	0	0
scaffold_1983	630	0	0.00	0	0	0	0	0
scaffold_1984	629	0	0.00	0	0	0	0	0
scaffold_1985	629	0	0.00	0	0	0	0	0
scaffold_1986	628	2	3.18	1	0	1	0	0
scaffold_1987	628	0	0.00	0	0	0	0	0
scaffold_1988	628	0	0.00	0	0	0	0	0
scaffold_1989	626	0	0.00	0	0	0	0	0
scaffold_199	81859	0	0.00	0	0	0	0	0
scaffold_1990	626	0	0.00	0	0	0	0	0
scaffold_1991	625	0	0.00	0	0	0	0	0
scaffold_1992	624	0	0.00	0	0	0	0	0
scaffold_1993	624	0	0.00	0	0	0	0	0
scaffold_1994	623	0	0.00	0	0	0	0	0
scaffold_1995	623	0	0.00	0	0	0	0	0
scaffold_1996	623	0	0.00	0	0	0	0	0
scaffold_1997	623	0	0.00	0	0	0	0	0
scaffold_1998	622	0	0.00	0	0	0	0	0
scaffold_1999	622	0	0.00	0	0	0	0	0
scaffold_2	353587	2	0.01	1	0	1	0	0
scaffold_20	219936	0	0.00	0	0	0	0	0
scaffold_200	81702	0	0.00	0	0	0	0	0
scaffold_2000	622	0	0.00	0	0	0	0	0
scaffold_2001	621	0	0.00	0	0	0	0	0
scaffold_2002	621	0	0.00	0	0	0	0	0
scaffold_2003	621	0	0.00	0	0	0	0	0
scaffold_2004	621	0	0.00	0	0	0	0	0
scaffold_2005	620	0	0.00	0	0	0	0	0
scaffold_2006	620	0	0.00	0	0	0	0	0
scaffold_2007	620	0	0.00	0	0	0	0	0
scaffold_2008	620	0	0.00	0	0	0	0	0
scaffold_2009	619	0	0.00	0	0	0	0	0
scaffold_201	81287	2	0.02	1	0	0	1	0.00
scaffold_2010	618	0	0.00	0	0	0	0	0
scaffold_2011	618	0	0.00	0	0	0	0	0
scaffold_2012	618	0	0.00	0	0	0	0	0
scaffold_2013	617	0	0.00	0	0	0	0	0
scaffold_2014	617	0	0.00	0	0	0	0	0
scaffold_2015	615	0	0.00	0	0	0	0	0
scaffold_2016	614	0	0.00	0	0	0	0	0
scaffold_2017	614	0	0.00	0	0	0	0	0
scaffold_2018	613	2	3.26	1	0	1	0	0
scaffold_2019	613	0	0.00	0	0	0	0	0
scaffold_202	81026	2	0.02	1	0	0	1	0.00
scaffold_2020	612	0	0.00	0	0	0	0	0
scaffold_2021	612	0	0.00	0	0	0	0	0
scaffold_2022	612	0	0.00	0	0	0	0	0
scaffold_2023	611	0	0.00	0	0	0	0	0
scaffold_2024	610	0	0.00	0	0	0	0	0
scaffold_2025	610	0	0.00	0	0	0	0	0
scaffold_2026	610	0	0.00	0	0	0	0	0
scaffold_2027	609	0	0.00	0	0	0	0	0
scaffold_2028	609	0	0.00	0	0	0	0	0
scaffold_2029	608	0	0.00	0	0	0	0	0
scaffold_203	80969	0	0.00	0	0	0	0	0
scaffold_2030	608	0	0.00	0	0	0	0	0
scaffold_2031	608	0	0.00	0	0	0	0	0
scaffold_2032	608	0	0.00	0	0	0	0	0
scaffold_2033	607	0	0.00	0	0	0	0	0
scaffold_2034	606	0	0.00	0	0	0	0	0
scaffold_2035	606	0	0.00	0	0	0	0	0
scaffold_2036	605	0	0.00	0	0	0	0	0
scaffold_2037	605	0	0.00	0	0	0	0	0
scaffold_2038	605	0	0.00	0	0	0	0	0
scaffold_2039	605	0	0.00	0	0	0	0	0
scaffold_204	80259	12	0.15	6	0	4	2	2.00
scaffold_2040	605	0	0.00	0	0	0	0	0
scaffold_2041	604	0	0.00	0	0	0	0	0
scaffold_2042	604	0	0.00	0	0	0	0	0
scaffold_2043	603	2	3.32	1	0	1	0	0
scaffold_2044	602	2	3.32	1	0	1	0	0
scaffold_2045	601	0	0.00	0	0	0	0	0
scaffold_2046	601	0	0.00	0	0	0	0	0
scaffold_2047	601	0	0.00	0	0	0	0	0
scaffold_2048	601	0	0.00	0	0	0	0	0
scaffold_2049	601	0	0.00	0	0	0	0	0
scaffold_205	80068	0	0.00	0	0	0	0	0
scaffold_2050	600	0	0.00	0	0	0	0	0
scaffold_2051	600	0	0.00	0	0	0	0	0
scaffold_2052	600	0	0.00	0	0	0	0	0
scaffold_2053	600	0	0.00	0	0	0	0	0
scaffold_2054	599	0	0.00	0	0	0	0	0
scaffold_2055	599	0	0.00	0	0	0	0	0
scaffold_2056	598	0	0.00	0	0	0	0	0
scaffold_2057	598	0	0.00	0	0	0	0	0
scaffold_2058	597	0	0.00	0	0	0	0	0
scaffold_2059	597	0	0.00	0	0	0	0	0
scaffold_206	79993	0	0.00	0	0	0	0	0
scaffold_2060	597	0	0.00	0	0	0	0	0
scaffold_2061	596	0	0.00	0	0	0	0	0
scaffold_2062	596	0	0.00	0	0	0	0	0
scaffold_2063	595	0	0.00	0	0	0	0	0
scaffold_2064	595	0	0.00	0	0	0	0	0
scaffold_2065	594	0	0.00	0	0	0	0	0
scaffold_2066	593	0	0.00	0	0	0	0	0
scaffold_2067	592	0	0.00	0	0	0	0	0
scaffold_2068	592	0	0.00	0	0	0	0	0
scaffold_2069	592	0	0.00	0	0	0	0	0
scaffold_207	79864	0	0.00	0	0	0	0	0
scaffold_2070	591	0	0.00	0	0	0	0	0
scaffold_2071	591	0	0.00	0	0	0	0	0
scaffold_2072	591	0	0.00	0	0	0	0	0
scaffold_2073	591	0	0.00	0	0	0	0	0
scaffold_2074	591	0	0.00	0	0	0	0	0
scaffold_2075	591	0	0.00	0	0	0	0	0
scaffold_2076	590	0	0.00	0	0	0	0	0
scaffold_2077	589	0	0.00	0	0	0	0	0
scaffold_2078	589	0	0.00	0	0	0	0	0
scaffold_2079	588	0	0.00	0	0	0	0	0
scaffold_208	78943	0	0.00	0	0	0	0	0
scaffold_2080	588	0	0.00	0	0	0	0	0
scaffold_2081	588	0	0.00	0	0	0	0	0
scaffold_2082	587	0	0.00	0	0	0	0	0
scaffold_2083	586	0	0.00	0	0	0	0	0
scaffold_2084	585	0	0.00	0	0	0	0	0
scaffold_2085	584	0	0.00	0	0	0	0	0
scaffold_2086	584	0	0.00	0	0	0	0	0
scaffold_2087	583	0	0.00	0	0	0	0	0
scaffold_2088	581	0	0.00	0	0	0	0	0
scaffold_2089	581	0	0.00	0	0	0	0	0
scaffold_209	78922	14	0.18	7	0	7	0	0
scaffold_2090	580	0	0.00	0	0	0	0	0
scaffold_2091	580	0	0.00	0	0	0	0	0
scaffold_2092	580	0	0.00	0	0	0	0	0
scaffold_2093	580	0	0.00	0	0	0	0	0
scaffold_2094	580	0	0.00	0	0	0	0	0
scaffold_2095	580	0	0.00	0	0	0	0	0
scaffold_2096	579	0	0.00	0	0	0	0	0
scaffold_2097	578	0	0.00	0	0	0	0	0
scaffold_2098	578	0	0.00	0	0	0	0	0
scaffold_2099	576	0	0.00	0	0	0	0	0
scaffold_21	215452	6	0.03	3	0	2	1	2.00
scaffold_210	78804	0	0.00	0	0	0	0	0
scaffold_2100	576	0	0.00	0	0	0	0	0
scaffold_2101	575	4	6.96	2	0	1	1	1.00
scaffold_2102	575	0	0.00	0	0	0	0	0
scaffold_2103	575	0	0.00	0	0	0	0	0
scaffold_2104	575	0	0.00	0	0	0	0	0
scaffold_2105	574	0	0.00	0	0	0	0	0
scaffold_2106	574	0	0.00	0	0	0	0	0
scaffold_2107	573	4	6.98	2	0	2	0	0
scaffold_2108	573	0	0.00	0	0	0	0	0
scaffold_2109	572	0	0.00	0	0	0	0	0
scaffold_211	78604	0	0.00	0	0	0	0	0
scaffold_2110	572	0	0.00	0	0	0	0	0
scaffold_2111	572	4	6.99	2	0	2	0	0
scaffold_2112	572	0	0.00	0	0	0	0	0
scaffold_2113	572	0	0.00	0	0	0	0	0
scaffold_2114	572	0	0.00	0	0	0	0	0
scaffold_2115	572	0	0.00	0	0	0	0	0
scaffold_2116	571	0	0.00	0	0	0	0	0
scaffold_2117	570	0	0.00	0	0	0	0	0
scaffold_2118	570	2	3.51	1	0	1	0	0
scaffold_2119	570	0	0.00	0	0	0	0	0
scaffold_212	78573	0	0.00	0	0	0	0	0
scaffold_2120	568	0	0.00	0	0	0	0	0
scaffold_2121	568	4	7.04	2	0	2	0	0
scaffold_2122	568	0	0.00	0	0	0	0	0
scaffold_2123	568	0	0.00	0	0	0	0	0
scaffold_2124	568	0	0.00	0	0	0	0	0
scaffold_2125	566	0	0.00	0	0	0	0	0
scaffold_2126	566	0	0.00	0	0	0	0	0
scaffold_2127	565	0	0.00	0	0	0	0	0
scaffold_2128	565	0	0.00	0	0	0	0	0
scaffold_2129	564	0	0.00	0	0	0	0	0
scaffold_213	78158	0	0.00	0	0	0	0	0
scaffold_2130	564	0	0.00	0	0	0	0	0
scaffold_2131	564	0	0.00	0	0	0	0	0
scaffold_2132	563	0	0.00	0	0	0	0	0
scaffold_2133	563	0	0.00	0	0	0	0	0
scaffold_2134	561	2	3.57	1	0	0	1	0.00
scaffold_2135	561	0	0.00	0	0	0	0	0
scaffold_2136	561	0	0.00	0	0	0	0	0
scaffold_2137	560	0	0.00	0	0	0	0	0
scaffold_2138	559	0	0.00	0	0	0	0	0
scaffold_2139	559	0	0.00	0	0	0	0	0
scaffold_214	77779	0	0.00	0	0	0	0	0
scaffold_2140	558	0	0.00	0	0	0	0	0
scaffold_2141	557	0	0.00	0	0	0	0	0
scaffold_2142	557	0	0.00	0	0	0	0	0
scaffold_2143	556	0	0.00	0	0	0	0	0
scaffold_2144	556	0	0.00	0	0	0	0	0
scaffold_2145	555	0	0.00	0	0	0	0	0
scaffold_2146	555	4	7.21	2	0	2	0	0
scaffold_2147	555	0	0.00	0	0	0	0	0
scaffold_2148	555	0	0.00	0	0	0	0	0
scaffold_2149	555	0	0.00	0	0	0	0	0
scaffold_215	77427	0	0.00	0	0	0	0	0
scaffold_2150	554	0	0.00	0	0	0	0	0
scaffold_2151	554	0	0.00	0	0	0	0	0
scaffold_2152	553	0	0.00	0	0	0	0	0
scaffold_2153	552	0	0.00	0	0	0	0	0
scaffold_2154	552	0	0.00	0	0	0	0	0
scaffold_2155	552	0	0.00	0	0	0	0	0
scaffold_2156	551	0	0.00	0	0	0	0	0
scaffold_2157	551	0	0.00	0	0	0	0	0
scaffold_2158	551	0	0.00	0	0	0	0	0
scaffold_2159	550	0	0.00	0	0	0	0	0
scaffold_216	77399	0	0.00	0	0	0	0	0
scaffold_2160	549	0	0.00	0	0	0	0	0
scaffold_2161	549	0	0.00	0	0	0	0	0
scaffold_2162	549	0	0.00	0	0	0	0	0
scaffold_2163	548	0	0.00	0	0	0	0	0
scaffold_2164	548	0	0.00	0	0	0	0	0
scaffold_2165	548	0	0.00	0	0	0	0	0
scaffold_2166	548	0	0.00	0	0	0	0	0
scaffold_2167	547	0	0.00	0	0	0	0	0
scaffold_2168	547	0	0.00	0	0	0	0	0
scaffold_2169	546	0	0.00	0	0	0	0	0
scaffold_217	77077	0	0.00	0	0	0	0	0
scaffold_2170	546	0	0.00	0	0	0	0	0
scaffold_2171	545	0	0.00	0	0	0	0	0
scaffold_2172	545	0	0.00	0	0	0	0	0
scaffold_2173	545	0	0.00	0	0	0	0	0
scaffold_2174	544	0	0.00	0	0	0	0	0
scaffold_2175	543	0	0.00	0	0	0	0	0
scaffold_2176	543	0	0.00	0	0	0	0	0
scaffold_2177	543	0	0.00	0	0	0	0	0
scaffold_2178	542	0	0.00	0	0	0	0	0
scaffold_2179	542	0	0.00	0	0	0	0	0
scaffold_218	77022	0	0.00	0	0	0	0	0
scaffold_2180	542	0	0.00	0	0	0	0	0
scaffold_2181	542	0	0.00	0	0	0	0	0
scaffold_2182	542	0	0.00	0	0	0	0	0
scaffold_2183	540	0	0.00	0	0	0	0	0
scaffold_2184	540	0	0.00	0	0	0	0	0
scaffold_2185	540	0	0.00	0	0	0	0	0
scaffold_2186	540	0	0.00	0	0	0	0	0
scaffold_2187	540	0	0.00	0	0	0	0	0
scaffold_2188	540	0	0.00	0	0	0	0	0
scaffold_2189	540	0	0.00	0	0	0	0	0
scaffold_219	76968	0	0.00	0	0	0	0	0
scaffold_2190	540	0	0.00	0	0	0	0	0
scaffold_2191	539	4	7.42	2	0	2	0	0
scaffold_2192	539	0	0.00	0	0	0	0	0
scaffold_2193	539	0	0.00	0	0	0	0	0
scaffold_2194	538	0	0.00	0	0	0	0	0
scaffold_2195	538	0	0.00	0	0	0	0	0
scaffold_2196	537	0	0.00	0	0	0	0	0
scaffold_2197	537	0	0.00	0	0	0	0	0
scaffold_2198	536	0	0.00	0	0	0	0	0
scaffold_2199	535	0	0.00	0	0	0	0	0
scaffold_22	214083	6	0.03	3	0	2	1	2.00
scaffold_220	76927	0	0.00	0	0	0	0	0
scaffold_2200	534	0	0.00	0	0	0	0	0
scaffold_2201	534	0	0.00	0	0	0	0	0
scaffold_2202	533	0	0.00	0	0	0	0	0
scaffold_2203	532	0	0.00	0	0	0	0	0
scaffold_2204	532	0	0.00	0	0	0	0	0
scaffold_2205	532	0	0.00	0	0	0	0	0
scaffold_2206	531	0	0.00	0	0	0	0	0
scaffold_2207	531	0	0.00	0	0	0	0	0
scaffold_2208	531	0	0.00	0	0	0	0	0
scaffold_2209	530	0	0.00	0	0	0	0	0
scaffold_221	76675	0	0.00	0	0	0	0	0
scaffold_2210	530	0	0.00	0	0	0	0	0
scaffold_2211	528	0	0.00	0	0	0	0	0
scaffold_2212	528	0	0.00	0	0	0	0	0
scaffold_2213	527	2	3.80	1	0	1	0	0
scaffold_2214	527	0	0.00	0	0	0	0	0
scaffold_2215	527	0	0.00	0	0	0	0	0
scaffold_2216	526	0	0.00	0	0	0	0	0
scaffold_2217	525	2	3.81	1	0	1	0	0
scaffold_2218	524	0	0.00	0	0	0	0	0
scaffold_2219	524	0	0.00	0	0	0	0	0
scaffold_222	76649	0	0.00	0	0	0	0	0
scaffold_2220	524	0	0.00	0	0	0	0	0
scaffold_2221	523	0	0.00	0	0	0	0	0
scaffold_2222	523	0	0.00	0	0	0	0	0
scaffold_2223	523	0	0.00	0	0	0	0	0
scaffold_2224	522	0	0.00	0	0	0	0	0
scaffold_2225	521	0	0.00	0	0	0	0	0
scaffold_2226	520	0	0.00	0	0	0	0	0
scaffold_2227	520	0	0.00	0	0	0	0	0
scaffold_2228	520	0	0.00	0	0	0	0	0
scaffold_2229	519	0	0.00	0	0	0	0	0
scaffold_223	76616	0	0.00	0	0	0	0	0
scaffold_2230	519	0	0.00	0	0	0	0	0
scaffold_2231	519	4	7.71	2	0	0	2	0.00
scaffold_2232	519	0	0.00	0	0	0	0	0
scaffold_2233	519	0	0.00	0	0	0	0	0
scaffold_2234	519	0	0.00	0	0	0	0	0
scaffold_2235	518	0	0.00	0	0	0	0	0
scaffold_2236	518	0	0.00	0	0	0	0	0
scaffold_2237	518	0	0.00	0	0	0	0	0
scaffold_2238	517	0	0.00	0	0	0	0	0
scaffold_2239	517	0	0.00	0	0	0	0	0
scaffold_224	76536	0	0.00	0	0	0	0	0
scaffold_2240	517	0	0.00	0	0	0	0	0
scaffold_2241	516	0	0.00	0	0	0	0	0
scaffold_2242	516	0	0.00	0	0	0	0	0
scaffold_2243	516	0	0.00	0	0	0	0	0
scaffold_2244	515	0	0.00	0	0	0	0	0
scaffold_2245	515	0	0.00	0	0	0	0	0
scaffold_2246	515	0	0.00	0	0	0	0	0
scaffold_2247	514	0	0.00	0	0	0	0	0
scaffold_2248	513	0	0.00	0	0	0	0	0
scaffold_2249	513	0	0.00	0	0	0	0	0
scaffold_225	76435	0	0.00	0	0	0	0	0
scaffold_2250	513	0	0.00	0	0	0	0	0
scaffold_2251	513	0	0.00	0	0	0	0	0
scaffold_2252	513	0	0.00	0	0	0	0	0
scaffold_2253	512	0	0.00	0	0	0	0	0
scaffold_2254	512	0	0.00	0	0	0	0	0
scaffold_2255	512	4	7.81	2	0	0	2	0.00
scaffold_2256	512	0	0.00	0	0	0	0	0
scaffold_2257	511	0	0.00	0	0	0	0	0
scaffold_2258	511	0	0.00	0	0	0	0	0
scaffold_2259	511	0	0.00	0	0	0	0	0
scaffold_226	76298	0	0.00	0	0	0	0	0
scaffold_2260	510	0	0.00	0	0	0	0	0
scaffold_2261	510	0	0.00	0	0	0	0	0
scaffold_2262	508	0	0.00	0	0	0	0	0
scaffold_2263	508	0	0.00	0	0	0	0	0
scaffold_2264	507	0	0.00	0	0	0	0	0
scaffold_2265	507	0	0.00	0	0	0	0	0
scaffold_2266	507	0	0.00	0	0	0	0	0
scaffold_2267	507	0	0.00	0	0	0	0	0
scaffold_2268	507	0	0.00	0	0	0	0	0
scaffold_2269	507	0	0.00	0	0	0	0	0
scaffold_227	76229	0	0.00	0	0	0	0	0
scaffold_2270	505	0	0.00	0	0	0	0	0
scaffold_2271	504	0	0.00	0	0	0	0	0
scaffold_2272	504	0	0.00	0	0	0	0	0
scaffold_2273	504	0	0.00	0	0	0	0	0
scaffold_2274	504	0	0.00	0	0	0	0	0
scaffold_2275	504	0	0.00	0	0	0	0	0
scaffold_2276	503	0	0.00	0	0	0	0	0
scaffold_2277	503	0	0.00	0	0	0	0	0
scaffold_2278	502	0	0.00	0	0	0	0	0
scaffold_2279	502	0	0.00	0	0	0	0	0
scaffold_228	75302	0	0.00	0	0	0	0	0
scaffold_2280	501	0	0.00	0	0	0	0	0
scaffold_2281	501	2	3.99	1	0	1	0	0
scaffold_2282	501	0	0.00	0	0	0	0	0
scaffold_229	75279	0	0.00	0	0	0	0	0
scaffold_23	212599	2	0.01	1	0	0	1	0.00
scaffold_230	74990	0	0.00	0	0	0	0	0
scaffold_231	74452	0	0.00	0	0	0	0	0
scaffold_232	74164	0	0.00	0	0	0	0	0
scaffold_233	73851	0	0.00	0	0	0	0	0
scaffold_234	73783	0	0.00	0	0	0	0	0
scaffold_235	73771	0	0.00	0	0	0	0	0
scaffold_236	73677	0	0.00	0	0	0	0	0
scaffold_237	73667	10	0.14	5	0	5	0	0
scaffold_238	73598	6	0.08	3	0	3	0	0
scaffold_239	73330	2	0.03	1	0	0	1	0.00
scaffold_24	212282	0	0.00	0	0	0	0	0
scaffold_240	73032	6	0.08	3	0	2	1	2.00
scaffold_241	72618	0	0.00	0	0	0	0	0
scaffold_242	72567	0	0.00	0	0	0	0	0
scaffold_243	72407	0	0.00	0	0	0	0	0
scaffold_244	72302	0	0.00	0	0	0	0	0
scaffold_245	71919	0	0.00	0	0	0	0	0
scaffold_246	71870	26	0.36	13	0	8	5	1.60
scaffold_247	71856	0	0.00	0	0	0	0	0
scaffold_248	71614	0	0.00	0	0	0	0	0
scaffold_249	71560	0	0.00	0	0	0	0	0
scaffold_25	212229	0	0.00	0	0	0	0	0
scaffold_250	71494	10	0.14	5	0	3	2	1.50
scaffold_251	71425	0	0.00	0	0	0	0	0
scaffold_252	71271	2	0.03	1	0	0	1	0.00
scaffold_253	70921	0	0.00	0	0	0	0	0
scaffold_254	70386	0	0.00	0	0	0	0	0
scaffold_255	69385	0	0.00	0	0	0	0	0
scaffold_256	69295	0	0.00	0	0	0	0	0
scaffold_257	69122	0	0.00	0	0	0	0	0
scaffold_258	68941	0	0.00	0	0	0	0	0
scaffold_259	68877	0	0.00	0	0	0	0	0
scaffold_26	212167	0	0.00	0	0	0	0	0
scaffold_260	68817	0	0.00	0	0	0	0	0
scaffold_261	68552	0	0.00	0	0	0	0	0
scaffold_262	68522	0	0.00	0	0	0	0	0
scaffold_263	68462	0	0.00	0	0	0	0	0
scaffold_264	68069	0	0.00	0	0	0	0	0
scaffold_265	67848	0	0.00	0	0	0	0	0
scaffold_266	67554	0	0.00	0	0	0	0	0
scaffold_267	67529	0	0.00	0	0	0	0	0
scaffold_268	67482	8	0.12	4	0	3	1	3.00
scaffold_269	67409	0	0.00	0	0	0	0	0
scaffold_27	210391	4	0.02	2	0	2	0	0
scaffold_270	67327	0	0.00	0	0	0	0	0
scaffold_271	67291	0	0.00	0	0	0	0	0
scaffold_272	66669	8	0.12	4	0	3	1	3.00
scaffold_273	66345	0	0.00	0	0	0	0	0
scaffold_274	65861	0	0.00	0	0	0	0	0
scaffold_275	65775	0	0.00	0	0	0	0	0
scaffold_276	65717	0	0.00	0	0	0	0	0
scaffold_277	65379	0	0.00	0	0	0	0	0
scaffold_278	65209	0	0.00	0	0	0	0	0
scaffold_279	65164	0	0.00	0	0	0	0	0
scaffold_28	209319	4	0.02	2	0	1	1	1.00
scaffold_280	64805	0	0.00	0	0	0	0	0
scaffold_281	64798	0	0.00	0	0	0	0	0
scaffold_282	64594	0	0.00	0	0	0	0	0
scaffold_283	64394	0	0.00	0	0	0	0	0
scaffold_284	64290	0	0.00	0	0	0	0	0
scaffold_285	64103	0	0.00	0	0	0	0	0
scaffold_286	63903	0	0.00	0	0	0	0	0
scaffold_287	63890	0	0.00	0	0	0	0	0
scaffold_288	63842	0	0.00	0	0	0	0	0
scaffold_289	63652	0	0.00	0	0	0	0	0
scaffold_29	206537	6	0.03	3	0	3	0	0
scaffold_290	63334	0	0.00	0	0	0	0	0
scaffold_291	63147	0	0.00	0	0	0	0	0
scaffold_292	62650	0	0.00	0	0	0	0	0
scaffold_293	62591	0	0.00	0	0	0	0	0
scaffold_294	62524	0	0.00	0	0	0	0	0
scaffold_295	62180	0	0.00	0	0	0	0	0
scaffold_296	61987	0	0.00	0	0	0	0	0
scaffold_297	61765	0	0.00	0	0	0	0	0
scaffold_298	61741	0	0.00	0	0	0	0	0
scaffold_299	61714	0	0.00	0	0	0	0	0
scaffold_3	312823	8	0.03	4	0	4	0	0
scaffold_30	201841	0	0.00	0	0	0	0	0
scaffold_300	61360	0	0.00	0	0	0	0	0
scaffold_301	61168	2	0.03	1	0	0	1	0.00
scaffold_302	61076	18	0.29	9	0	3	6	0.50
scaffold_303	61062	2	0.03	1	0	1	0	0
scaffold_304	60866	0	0.00	0	0	0	0	0
scaffold_305	60863	0	0.00	0	0	0	0	0
scaffold_306	60735	0	0.00	0	0	0	0	0
scaffold_307	60711	0	0.00	0	0	0	0	0
scaffold_308	60685	0	0.00	0	0	0	0	0
scaffold_309	60531	0	0.00	0	0	0	0	0
scaffold_31	199298	18	0.09	9	0	9	0	0
scaffold_310	60466	0	0.00	0	0	0	0	0
scaffold_311	60416	0	0.00	0	0	0	0	0
scaffold_312	60283	40	0.66	20	0	19	1	19.00
scaffold_313	60237	0	0.00	0	0	0	0	0
scaffold_314	60192	2	0.03	1	0	1	0	0
scaffold_315	60163	0	0.00	0	0	0	0	0
scaffold_316	60013	8	0.13	4	0	4	0	0
scaffold_317	59931	0	0.00	0	0	0	0	0
scaffold_318	59698	0	0.00	0	0	0	0	0
scaffold_319	59445	10	0.17	5	0	5	0	0
scaffold_32	195275	0	0.00	0	0	0	0	0
scaffold_320	59392	0	0.00	0	0	0	0	0
scaffold_321	59245	0	0.00	0	0	0	0	0
scaffold_322	59052	0	0.00	0	0	0	0	0
scaffold_323	59030	0	0.00	0	0	0	0	0
scaffold_324	59004	0	0.00	0	0	0	0	0
scaffold_325	58958	0	0.00	0	0	0	0	0
scaffold_326	58928	0	0.00	0	0	0	0	0
scaffold_327	58760	0	0.00	0	0	0	0	0
scaffold_328	58430	0	0.00	0	0	0	0	0
scaffold_329	58327	0	0.00	0	0	0	0	0
scaffold_33	193267	0	0.00	0	0	0	0	0
scaffold_330	58281	0	0.00	0	0	0	0	0
scaffold_331	58251	0	0.00	0	0	0	0	0
scaffold_332	58112	0	0.00	0	0	0	0	0
scaffold_333	58017	0	0.00	0	0	0	0	0
scaffold_334	57985	0	0.00	0	0	0	0	0
scaffold_335	57970	0	0.00	0	0	0	0	0
scaffold_336	57532	0	0.00	0	0	0	0	0
scaffold_337	57508	0	0.00	0	0	0	0	0
scaffold_338	57383	0	0.00	0	0	0	0	0
scaffold_339	57225	32	0.56	16	0	7	9	0.78
scaffold_34	190929	0	0.00	0	0	0	0	0
scaffold_340	57068	0	0.00	0	0	0	0	0
scaffold_341	56776	24	0.42	12	0	11	1	11.00
scaffold_342	56630	6	0.11	3	0	2	1	2.00
scaffold_343	56539	0	0.00	0	0	0	0	0
scaffold_344	56399	0	0.00	0	0	0	0	0
scaffold_345	56183	0	0.00	0	0	0	0	0
scaffold_346	56071	0	0.00	0	0	0	0	0
scaffold_347	56071	2	0.04	1	0	0	1	0.00
scaffold_348	55987	0	0.00	0	0	0	0	0
scaffold_349	55891	0	0.00	0	0	0	0	0
scaffold_35	190460	0	0.00	0	0	0	0	0
scaffold_350	55879	0	0.00	0	0	0	0	0
scaffold_351	55779	0	0.00	0	0	0	0	0
scaffold_352	55649	0	0.00	0	0	0	0	0
scaffold_353	55577	0	0.00	0	0	0	0	0
scaffold_354	55431	0	0.00	0	0	0	0	0
scaffold_355	55431	0	0.00	0	0	0	0	0
scaffold_356	55182	0	0.00	0	0	0	0	0
scaffold_357	55128	0	0.00	0	0	0	0	0
scaffold_358	55011	2	0.04	1	0	1	0	0
scaffold_359	54710	0	0.00	0	0	0	0	0
scaffold_36	189230	0	0.00	0	0	0	0	0
scaffold_360	54644	18	0.33	9	0	7	2	3.50
scaffold_361	54418	0	0.00	0	0	0	0	0
scaffold_362	54409	20	0.37	10	0	8	2	4.00
scaffold_363	54359	2	0.04	1	0	1	0	0
scaffold_364	54247	0	0.00	0	0	0	0	0
scaffold_365	54231	0	0.00	0	0	0	0	0
scaffold_366	54188	0	0.00	0	0	0	0	0
scaffold_367	54056	0	0.00	0	0	0	0	0
scaffold_368	53917	0	0.00	0	0	0	0	0
scaffold_369	53655	0	0.00	0	0	0	0	0
scaffold_37	188431	0	0.00	0	0	0	0	0
scaffold_370	53573	0	0.00	0	0	0	0	0
scaffold_371	53454	2	0.04	1	0	1	0	0
scaffold_372	53368	0	0.00	0	0	0	0	0
scaffold_373	53328	0	0.00	0	0	0	0	0
scaffold_374	52921	2	0.04	1	0	0	1	0.00
scaffold_375	52895	0	0.00	0	0	0	0	0
scaffold_376	52894	0	0.00	0	0	0	0	0
scaffold_377	52792	0	0.00	0	0	0	0	0
scaffold_378	52705	0	0.00	0	0	0	0	0
scaffold_379	52701	0	0.00	0	0	0	0	0
scaffold_38	187360	4	0.02	2	0	1	1	1.00
scaffold_380	52425	0	0.00	0	0	0	0	0
scaffold_381	52307	0	0.00	0	0	0	0	0
scaffold_382	52244	0	0.00	0	0	0	0	0
scaffold_383	51840	0	0.00	0	0	0	0	0
scaffold_384	51746	0	0.00	0	0	0	0	0
scaffold_385	51448	0	0.00	0	0	0	0	0
scaffold_386	51413	0	0.00	0	0	0	0	0
scaffold_387	51408	0	0.00	0	0	0	0	0
scaffold_388	51352	0	0.00	0	0	0	0	0
scaffold_389	51245	0	0.00	0	0	0	0	0
scaffold_39	184107	10	0.05	5	0	3	2	1.50
scaffold_390	51207	0	0.00	0	0	0	0	0
scaffold_391	51073	40	0.78	20	0	11	9	1.22
scaffold_392	50972	0	0.00	0	0	0	0	0
scaffold_393	50960	0	0.00	0	0	0	0	0
scaffold_394	50948	0	0.00	0	0	0	0	0
scaffold_395	50911	0	0.00	0	0	0	0	0
scaffold_396	50850	6	0.12	3	0	2	1	2.00
scaffold_397	50724	0	0.00	0	0	0	0	0
scaffold_398	50600	0	0.00	0	0	0	0	0
scaffold_399	50335	0	0.00	0	0	0	0	0
scaffold_4	304481	0	0.00	0	0	0	0	0
scaffold_40	182923	0	0.00	0	0	0	0	0
scaffold_400	50280	0	0.00	0	0	0	0	0
scaffold_401	50153	0	0.00	0	0	0	0	0
scaffold_402	49246	0	0.00	0	0	0	0	0
scaffold_403	49199	0	0.00	0	0	0	0	0
scaffold_404	49166	0	0.00	0	0	0	0	0
scaffold_405	49154	0	0.00	0	0	0	0	0
scaffold_406	48959	0	0.00	0	0	0	0	0
scaffold_407	48846	0	0.00	0	0	0	0	0
scaffold_408	48808	0	0.00	0	0	0	0	0
scaffold_409	48785	0	0.00	0	0	0	0	0
scaffold_41	180926	24	0.13	12	0	9	3	3.00
scaffold_410	48768	0	0.00	0	0	0	0	0
scaffold_411	48700	0	0.00	0	0	0	0	0
scaffold_412	48352	0	0.00	0	0	0	0	0
scaffold_413	48333	0	0.00	0	0	0	0	0
scaffold_414	48169	0	0.00	0	0	0	0	0
scaffold_415	48099	0	0.00	0	0	0	0	0
scaffold_416	48003	0	0.00	0	0	0	0	0
scaffold_417	48001	0	0.00	0	0	0	0	0
scaffold_418	47935	0	0.00	0	0	0	0	0
scaffold_419	47607	0	0.00	0	0	0	0	0
scaffold_42	180840	0	0.00	0	0	0	0	0
scaffold_420	47585	6	0.13	3	0	3	0	0
scaffold_421	47526	0	0.00	0	0	0	0	0
scaffold_422	47515	0	0.00	0	0	0	0	0
scaffold_423	47473	0	0.00	0	0	0	0	0
scaffold_424	47375	0	0.00	0	0	0	0	0
scaffold_425	47311	0	0.00	0	0	0	0	0
scaffold_426	47029	0	0.00	0	0	0	0	0
scaffold_427	46847	0	0.00	0	0	0	0	0
scaffold_428	46714	0	0.00	0	0	0	0	0
scaffold_429	46600	0	0.00	0	0	0	0	0
scaffold_43	180625	0	0.00	0	0	0	0	0
scaffold_430	46579	0	0.00	0	0	0	0	0
scaffold_431	46524	0	0.00	0	0	0	0	0
scaffold_432	46427	2	0.04	1	0	1	0	0
scaffold_433	46362	0	0.00	0	0	0	0	0
scaffold_434	46055	0	0.00	0	0	0	0	0
scaffold_435	45890	0	0.00	0	0	0	0	0
scaffold_436	45701	0	0.00	0	0	0	0	0
scaffold_437	45604	6	0.13	3	0	2	1	2.00
scaffold_438	45271	0	0.00	0	0	0	0	0
scaffold_439	45267	0	0.00	0	0	0	0	0
scaffold_44	176603	0	0.00	0	0	0	0	0
scaffold_440	45205	0	0.00	0	0	0	0	0
scaffold_441	45189	0	0.00	0	0	0	0	0
scaffold_442	45056	0	0.00	0	0	0	0	0
scaffold_443	44775	0	0.00	0	0	0	0	0
scaffold_444	44677	0	0.00	0	0	0	0	0
scaffold_445	44618	0	0.00	0	0	0	0	0
scaffold_446	44458	0	0.00	0	0	0	0	0
scaffold_447	44435	0	0.00	0	0	0	0	0
scaffold_448	44347	0	0.00	0	0	0	0	0
scaffold_449	44162	0	0.00	0	0	0	0	0
scaffold_45	176277	0	0.00	0	0	0	0	0
scaffold_450	44051	0	0.00	0	0	0	0	0
scaffold_451	44038	0	0.00	0	0	0	0	0
scaffold_452	43917	0	0.00	0	0	0	0	0
scaffold_453	43873	0	0.00	0	0	0	0	0
scaffold_454	43831	0	0.00	0	0	0	0	0
scaffold_455	43672	0	0.00	0	0	0	0	0
scaffold_456	43627	12	0.28	6	0	6	0	0
scaffold_457	43440	0	0.00	0	0	0	0	0
scaffold_458	43365	0	0.00	0	0	0	0	0
scaffold_459	43245	0	0.00	0	0	0	0	0
scaffold_46	175085	4	0.02	2	0	2	0	0
scaffold_460	42953	0	0.00	0	0	0	0	0
scaffold_461	42859	2	0.05	1	0	1	0	0
scaffold_462	42834	0	0.00	0	0	0	0	0
scaffold_463	42775	0	0.00	0	0	0	0	0
scaffold_464	42757	0	0.00	0	0	0	0	0
scaffold_465	42642	0	0.00	0	0	0	0	0
scaffold_466	42619	0	0.00	0	0	0	0	0
scaffold_467	42573	0	0.00	0	0	0	0	0
scaffold_468	42479	0	0.00	0	0	0	0	0
scaffold_469	42472	0	0.00	0	0	0	0	0
scaffold_47	173848	0	0.00	0	0	0	0	0
scaffold_470	42303	10	0.24	5	0	4	1	4.00
scaffold_471	42243	0	0.00	0	0	0	0	0
scaffold_472	42208	0	0.00	0	0	0	0	0
scaffold_473	42140	0	0.00	0	0	0	0	0
scaffold_474	41953	0	0.00	0	0	0	0	0
scaffold_475	41890	2	0.05	1	0	0	1	0.00
scaffold_476	41660	0	0.00	0	0	0	0	0
scaffold_477	41513	0	0.00	0	0	0	0	0
scaffold_478	41485	0	0.00	0	0	0	0	0
scaffold_479	41438	0	0.00	0	0	0	0	0
scaffold_48	171727	0	0.00	0	0	0	0	0
scaffold_480	41343	0	0.00	0	0	0	0	0
scaffold_481	41285	0	0.00	0	0	0	0	0
scaffold_482	41258	0	0.00	0	0	0	0	0
scaffold_483	41160	0	0.00	0	0	0	0	0
scaffold_484	41088	0	0.00	0	0	0	0	0
scaffold_485	41072	0	0.00	0	0	0	0	0
scaffold_486	41063	0	0.00	0	0	0	0	0
scaffold_487	41006	0	0.00	0	0	0	0	0
scaffold_488	41003	0	0.00	0	0	0	0	0
scaffold_489	40958	0	0.00	0	0	0	0	0
scaffold_49	168821	0	0.00	0	0	0	0	0
scaffold_490	40490	0	0.00	0	0	0	0	0
scaffold_491	40396	0	0.00	0	0	0	0	0
scaffold_492	40376	0	0.00	0	0	0	0	0
scaffold_493	40327	0	0.00	0	0	0	0	0
scaffold_494	40170	0	0.00	0	0	0	0	0
scaffold_495	40128	0	0.00	0	0	0	0	0
scaffold_496	40119	0	0.00	0	0	0	0	0
scaffold_497	39955	0	0.00	0	0	0	0	0
scaffold_498	39849	0	0.00	0	0	0	0	0
scaffold_499	39841	0	0.00	0	0	0	0	0
scaffold_5	304450	0	0.00	0	0	0	0	0
scaffold_50	166782	0	0.00	0	0	0	0	0
scaffold_500	39719	0	0.00	0	0	0	0	0
scaffold_501	39640	0	0.00	0	0	0	0	0
scaffold_502	39527	0	0.00	0	0	0	0	0
scaffold_503	39507	0	0.00	0	0	0	0	0
scaffold_504	39432	0	0.00	0	0	0	0	0
scaffold_505	39332	0	0.00	0	0	0	0	0
scaffold_506	39256	0	0.00	0	0	0	0	0
scaffold_507	39190	0	0.00	0	0	0	0	0
scaffold_508	39131	0	0.00	0	0	0	0	0
scaffold_509	39002	0	0.00	0	0	0	0	0
scaffold_51	165591	12	0.07	6	0	5	1	5.00
scaffold_510	38974	0	0.00	0	0	0	0	0
scaffold_511	38936	0	0.00	0	0	0	0	0
scaffold_512	38910	0	0.00	0	0	0	0	0
scaffold_513	38871	0	0.00	0	0	0	0	0
scaffold_514	38870	0	0.00	0	0	0	0	0
scaffold_515	38865	0	0.00	0	0	0	0	0
scaffold_516	38833	2	0.05	1	0	0	1	0.00
scaffold_517	38698	0	0.00	0	0	0	0	0
scaffold_518	38617	0	0.00	0	0	0	0	0
scaffold_519	38573	0	0.00	0	0	0	0	0
scaffold_52	163993	12	0.07	6	0	6	0	0
scaffold_520	38376	0	0.00	0	0	0	0	0
scaffold_521	38240	0	0.00	0	0	0	0	0
scaffold_522	38126	2	0.05	1	0	1	0	0
scaffold_523	38062	6	0.16	3	0	2	1	2.00
scaffold_524	38059	0	0.00	0	0	0	0	0
scaffold_525	38011	0	0.00	0	0	0	0	0
scaffold_526	37950	0	0.00	0	0	0	0	0
scaffold_527	37921	0	0.00	0	0	0	0	0
scaffold_528	37813	0	0.00	0	0	0	0	0
scaffold_529	37754	0	0.00	0	0	0	0	0
scaffold_53	162822	0	0.00	0	0	0	0	0
scaffold_530	37753	0	0.00	0	0	0	0	0
scaffold_531	37721	0	0.00	0	0	0	0	0
scaffold_532	37652	8	0.21	4	0	2	2	1.00
scaffold_533	37455	0	0.00	0	0	0	0	0
scaffold_534	37434	0	0.00	0	0	0	0	0
scaffold_535	37396	0	0.00	0	0	0	0	0
scaffold_536	37241	6	0.16	3	0	3	0	0
scaffold_537	37147	0	0.00	0	0	0	0	0
scaffold_538	37014	0	0.00	0	0	0	0	0
scaffold_539	36931	0	0.00	0	0	0	0	0
scaffold_54	160780	0	0.00	0	0	0	0	0
scaffold_540	36881	0	0.00	0	0	0	0	0
scaffold_541	36831	0	0.00	0	0	0	0	0
scaffold_542	36788	0	0.00	0	0	0	0	0
scaffold_543	36764	0	0.00	0	0	0	0	0
scaffold_544	36762	0	0.00	0	0	0	0	0
scaffold_545	36752	0	0.00	0	0	0	0	0
scaffold_546	36751	0	0.00	0	0	0	0	0
scaffold_547	36663	0	0.00	0	0	0	0	0
scaffold_548	36468	0	0.00	0	0	0	0	0
scaffold_549	36450	0	0.00	0	0	0	0	0
scaffold_55	159868	4	0.03	2	0	2	0	0
scaffold_550	36435	0	0.00	0	0	0	0	0
scaffold_551	36264	0	0.00	0	0	0	0	0
scaffold_552	36128	0	0.00	0	0	0	0	0
scaffold_553	36041	0	0.00	0	0	0	0	0
scaffold_554	35834	6	0.17	3	0	3	0	0
scaffold_555	35737	0	0.00	0	0	0	0	0
scaffold_556	35729	0	0.00	0	0	0	0	0
scaffold_557	35708	0	0.00	0	0	0	0	0
scaffold_558	35538	0	0.00	0	0	0	0	0
scaffold_559	35452	0	0.00	0	0	0	0	0
scaffold_56	158150	2	0.01	1	0	1	0	0
scaffold_560	35393	0	0.00	0	0	0	0	0
scaffold_561	35381	0	0.00	0	0	0	0	0
scaffold_562	35352	0	0.00	0	0	0	0	0
scaffold_563	35316	0	0.00	0	0	0	0	0
scaffold_564	35243	0	0.00	0	0	0	0	0
scaffold_565	35094	0	0.00	0	0	0	0	0
scaffold_566	35040	0	0.00	0	0	0	0	0
scaffold_567	34932	0	0.00	0	0	0	0	0
scaffold_568	34891	0	0.00	0	0	0	0	0
scaffold_569	34575	0	0.00	0	0	0	0	0
scaffold_57	156775	12	0.08	6	0	3	3	1.00
scaffold_570	34557	0	0.00	0	0	0	0	0
scaffold_571	34205	0	0.00	0	0	0	0	0
scaffold_572	34151	0	0.00	0	0	0	0	0
scaffold_573	34077	0	0.00	0	0	0	0	0
scaffold_574	33999	0	0.00	0	0	0	0	0
scaffold_575	33941	10	0.29	5	0	2	3	0.67
scaffold_576	33846	0	0.00	0	0	0	0	0
scaffold_577	33843	0	0.00	0	0	0	0	0
scaffold_578	33788	2	0.06	1	0	1	0	0
scaffold_579	33671	0	0.00	0	0	0	0	0
scaffold_58	156541	0	0.00	0	0	0	0	0
scaffold_580	33660	0	0.00	0	0	0	0	0
scaffold_581	33632	0	0.00	0	0	0	0	0
scaffold_582	33588	0	0.00	0	0	0	0	0
scaffold_583	33436	0	0.00	0	0	0	0	0
scaffold_584	33413	0	0.00	0	0	0	0	0
scaffold_585	33346	6	0.18	3	0	2	1	2.00
scaffold_586	33326	0	0.00	0	0	0	0	0
scaffold_587	33264	0	0.00	0	0	0	0	0
scaffold_588	33189	0	0.00	0	0	0	0	0
scaffold_589	32999	0	0.00	0	0	0	0	0
scaffold_59	156245	0	0.00	0	0	0	0	0
scaffold_590	32967	0	0.00	0	0	0	0	0
scaffold_591	32963	0	0.00	0	0	0	0	0
scaffold_592	32927	0	0.00	0	0	0	0	0
scaffold_593	32730	0	0.00	0	0	0	0	0
scaffold_594	32692	20	0.61	10	0	10	0	0
scaffold_595	32609	0	0.00	0	0	0	0	0
scaffold_596	32488	0	0.00	0	0	0	0	0
scaffold_597	32408	0	0.00	0	0	0	0	0
scaffold_598	32383	0	0.00	0	0	0	0	0
scaffold_599	32130	0	0.00	0	0	0	0	0
scaffold_6	304073	8	0.03	4	0	3	1	3.00
scaffold_60	155948	0	0.00	0	0	0	0	0
scaffold_600	31870	0	0.00	0	0	0	0	0
scaffold_601	31842	0	0.00	0	0	0	0	0
scaffold_602	31776	0	0.00	0	0	0	0	0
scaffold_603	31367	0	0.00	0	0	0	0	0
scaffold_604	31324	0	0.00	0	0	0	0	0
scaffold_605	31226	0	0.00	0	0	0	0	0
scaffold_606	31206	0	0.00	0	0	0	0	0
scaffold_607	30916	0	0.00	0	0	0	0	0
scaffold_608	30751	0	0.00	0	0	0	0	0
scaffold_609	30696	0	0.00	0	0	0	0	0
scaffold_61	154529	6	0.04	3	0	3	0	0
scaffold_610	30696	8	0.26	4	0	2	2	1.00
scaffold_611	30687	0	0.00	0	0	0	0	0
scaffold_612	30635	6	0.20	3	0	0	3	0.00
scaffold_613	30539	0	0.00	0	0	0	0	0
scaffold_614	30530	0	0.00	0	0	0	0	0
scaffold_615	30496	0	0.00	0	0	0	0	0
scaffold_616	30412	0	0.00	0	0	0	0	0
scaffold_617	30385	0	0.00	0	0	0	0	0
scaffold_618	30304	0	0.00	0	0	0	0	0
scaffold_619	30219	0	0.00	0	0	0	0	0
scaffold_62	153586	0	0.00	0	0	0	0	0
scaffold_620	30197	0	0.00	0	0	0	0	0
scaffold_621	30130	0	0.00	0	0	0	0	0
scaffold_622	30024	8	0.27	4	0	3	1	3.00
scaffold_623	30001	0	0.00	0	0	0	0	0
scaffold_624	29945	0	0.00	0	0	0	0	0
scaffold_625	29933	0	0.00	0	0	0	0	0
scaffold_626	29865	0	0.00	0	0	0	0	0
scaffold_627	29798	0	0.00	0	0	0	0	0
scaffold_628	29794	0	0.00	0	0	0	0	0
scaffold_629	29780	0	0.00	0	0	0	0	0
scaffold_63	153548	0	0.00	0	0	0	0	0
scaffold_630	29733	14	0.47	7	0	7	0	0
scaffold_631	29585	0	0.00	0	0	0	0	0
scaffold_632	29555	0	0.00	0	0	0	0	0
scaffold_633	29522	0	0.00	0	0	0	0	0
scaffold_634	29513	0	0.00	0	0	0	0	0
scaffold_635	29409	0	0.00	0	0	0	0	0
scaffold_636	29399	0	0.00	0	0	0	0	0
scaffold_637	29370	26	0.89	13	0	9	4	2.25
scaffold_638	29369	0	0.00	0	0	0	0	0
scaffold_639	29139	0	0.00	0	0	0	0	0
scaffold_64	153059	0	0.00	0	0	0	0	0
scaffold_640	28800	0	0.00	0	0	0	0	0
scaffold_641	28797	0	0.00	0	0	0	0	0
scaffold_642	28784	0	0.00	0	0	0	0	0
scaffold_643	28740	0	0.00	0	0	0	0	0
scaffold_644	28728	0	0.00	0	0	0	0	0
scaffold_645	28541	2	0.07	1	0	1	0	0
scaffold_646	28402	16	0.56	8	0	5	3	1.67
scaffold_647	28377	0	0.00	0	0	0	0	0
scaffold_648	28280	0	0.00	0	0	0	0	0
scaffold_649	28229	0	0.00	0	0	0	0	0
scaffold_65	152823	0	0.00	0	0	0	0	0
scaffold_650	28189	0	0.00	0	0	0	0	0
scaffold_651	28115	0	0.00	0	0	0	0	0
scaffold_652	28053	0	0.00	0	0	0	0	0
scaffold_653	27993	0	0.00	0	0	0	0	0
scaffold_654	27990	0	0.00	0	0	0	0	0
scaffold_655	27986	14	0.50	7	0	7	0	0
scaffold_656	27899	0	0.00	0	0	0	0	0
scaffold_657	27715	0	0.00	0	0	0	0	0
scaffold_658	27700	0	0.00	0	0	0	0	0
scaffold_659	27699	0	0.00	0	0	0	0	0
scaffold_66	152206	0	0.00	0	0	0	0	0
scaffold_660	27670	0	0.00	0	0	0	0	0
scaffold_661	27610	0	0.00	0	0	0	0	0
scaffold_662	27591	0	0.00	0	0	0	0	0
scaffold_663	27468	12	0.44	6	0	2	4	0.50
scaffold_664	27453	0	0.00	0	0	0	0	0
scaffold_665	27243	14	0.51	7	0	5	2	2.50
scaffold_666	27209	0	0.00	0	0	0	0	0
scaffold_667	27176	0	0.00	0	0	0	0	0
scaffold_668	27142	0	0.00	0	0	0	0	0
scaffold_669	26980	0	0.00	0	0	0	0	0
scaffold_67	151904	0	0.00	0	0	0	0	0
scaffold_670	26962	0	0.00	0	0	0	0	0
scaffold_671	26750	0	0.00	0	0	0	0	0
scaffold_672	26731	0	0.00	0	0	0	0	0
scaffold_673	26710	0	0.00	0	0	0	0	0
scaffold_674	26521	0	0.00	0	0	0	0	0
scaffold_675	26235	0	0.00	0	0	0	0	0
scaffold_676	26176	0	0.00	0	0	0	0	0
scaffold_677	26174	0	0.00	0	0	0	0	0
scaffold_678	26155	0	0.00	0	0	0	0	0
scaffold_679	26132	0	0.00	0	0	0	0	0
scaffold_68	151275	0	0.00	0	0	0	0	0
scaffold_680	25907	0	0.00	0	0	0	0	0
scaffold_681	25846	0	0.00	0	0	0	0	0
scaffold_682	25845	0	0.00	0	0	0	0	0
scaffold_683	25770	0	0.00	0	0	0	0	0
scaffold_684	25746	0	0.00	0	0	0	0	0
scaffold_685	25706	0	0.00	0	0	0	0	0
scaffold_686	25338	0	0.00	0	0	0	0	0
scaffold_687	25259	0	0.00	0	0	0	0	0
scaffold_688	25191	0	0.00	0	0	0	0	0
scaffold_689	25168	0	0.00	0	0	0	0	0
scaffold_69	148462	0	0.00	0	0	0	0	0
scaffold_690	25150	0	0.00	0	0	0	0	0
scaffold_691	25142	0	0.00	0	0	0	0	0
scaffold_692	25102	0	0.00	0	0	0	0	0
scaffold_693	25085	0	0.00	0	0	0	0	0
scaffold_694	24890	0	0.00	0	0	0	0	0
scaffold_695	24682	0	0.00	0	0	0	0	0
scaffold_696	24663	0	0.00	0	0	0	0	0
scaffold_697	24653	0	0.00	0	0	0	0	0
scaffold_698	24560	0	0.00	0	0	0	0	0
scaffold_699	24492	0	0.00	0	0	0	0	0
scaffold_7	295361	4	0.01	2	0	1	1	1.00
scaffold_70	146099	0	0.00	0	0	0	0	0
scaffold_700	24489	0	0.00	0	0	0	0	0
scaffold_701	24384	0	0.00	0	0	0	0	0
scaffold_702	24364	0	0.00	0	0	0	0	0
scaffold_703	24284	0	0.00	0	0	0	0	0
scaffold_704	24277	0	0.00	0	0	0	0	0
scaffold_705	24175	0	0.00	0	0	0	0	0
scaffold_706	24131	0	0.00	0	0	0	0	0
scaffold_707	24116	0	0.00	0	0	0	0	0
scaffold_708	24069	4	0.17	2	0	2	0	0
scaffold_709	24050	0	0.00	0	0	0	0	0
scaffold_71	145910	10	0.07	5	0	4	1	4.00
scaffold_710	24002	0	0.00	0	0	0	0	0
scaffold_711	23925	0	0.00	0	0	0	0	0
scaffold_712	23822	0	0.00	0	0	0	0	0
scaffold_713	23815	0	0.00	0	0	0	0	0
scaffold_714	23807	0	0.00	0	0	0	0	0
scaffold_715	23778	0	0.00	0	0	0	0	0
scaffold_716	23706	0	0.00	0	0	0	0	0
scaffold_717	23581	2	0.08	1	0	0	1	0.00
scaffold_718	23554	0	0.00	0	0	0	0	0
scaffold_719	23458	0	0.00	0	0	0	0	0
scaffold_72	145668	0	0.00	0	0	0	0	0
scaffold_720	23387	0	0.00	0	0	0	0	0
scaffold_721	23304	0	0.00	0	0	0	0	0
scaffold_722	23261	0	0.00	0	0	0	0	0
scaffold_723	23185	0	0.00	0	0	0	0	0
scaffold_724	23160	0	0.00	0	0	0	0	0
scaffold_725	23128	0	0.00	0	0	0	0	0
scaffold_726	23040	6	0.26	3	0	2	1	2.00
scaffold_727	23037	0	0.00	0	0	0	0	0
scaffold_728	22947	0	0.00	0	0	0	0	0
scaffold_729	22791	0	0.00	0	0	0	0	0
scaffold_73	144194	0	0.00	0	0	0	0	0
scaffold_730	22786	0	0.00	0	0	0	0	0
scaffold_731	22698	0	0.00	0	0	0	0	0
scaffold_732	22546	0	0.00	0	0	0	0	0
scaffold_733	22478	0	0.00	0	0	0	0	0
scaffold_734	22453	0	0.00	0	0	0	0	0
scaffold_735	22358	0	0.00	0	0	0	0	0
scaffold_736	22304	0	0.00	0	0	0	0	0
scaffold_737	22254	0	0.00	0	0	0	0	0
scaffold_738	22161	0	0.00	0	0	0	0	0
scaffold_739	22142	2	0.09	1	0	0	1	0.00
scaffold_74	144070	0	0.00	0	0	0	0	0
scaffold_740	22117	0	0.00	0	0	0	0	0
scaffold_741	22071	0	0.00	0	0	0	0	0
scaffold_742	21994	0	0.00	0	0	0	0	0
scaffold_743	21964	0	0.00	0	0	0	0	0
scaffold_744	21944	0	0.00	0	0	0	0	0
scaffold_745	21934	0	0.00	0	0	0	0	0
scaffold_746	21870	0	0.00	0	0	0	0	0
scaffold_747	21835	0	0.00	0	0	0	0	0
scaffold_748	21719	6	0.28	3	0	3	0	0
scaffold_749	21638	0	0.00	0	0	0	0	0
scaffold_75	143419	0	0.00	0	0	0	0	0
scaffold_750	21633	0	0.00	0	0	0	0	0
scaffold_751	21322	0	0.00	0	0	0	0	0
scaffold_752	21280	0	0.00	0	0	0	0	0
scaffold_753	21219	0	0.00	0	0	0	0	0
scaffold_754	21116	0	0.00	0	0	0	0	0
scaffold_755	21050	0	0.00	0	0	0	0	0
scaffold_756	21004	0	0.00	0	0	0	0	0
scaffold_757	20914	0	0.00	0	0	0	0	0
scaffold_758	20906	0	0.00	0	0	0	0	0
scaffold_759	20901	4	0.19	2	0	1	1	1.00
scaffold_76	143213	0	0.00	0	0	0	0	0
scaffold_760	20898	0	0.00	0	0	0	0	0
scaffold_761	20863	0	0.00	0	0	0	0	0
scaffold_762	20766	0	0.00	0	0	0	0	0
scaffold_763	20730	0	0.00	0	0	0	0	0
scaffold_764	20664	0	0.00	0	0	0	0	0
scaffold_765	20628	0	0.00	0	0	0	0	0
scaffold_766	20621	0	0.00	0	0	0	0	0
scaffold_767	20611	0	0.00	0	0	0	0	0
scaffold_768	20606	0	0.00	0	0	0	0	0
scaffold_769	20507	8	0.39	4	0	4	0	0
scaffold_77	142743	8	0.06	4	0	2	2	1.00
scaffold_770	20343	0	0.00	0	0	0	0	0
scaffold_771	20342	10	0.49	5	0	2	3	0.67
scaffold_772	20326	0	0.00	0	0	0	0	0
scaffold_773	20306	0	0.00	0	0	0	0	0
scaffold_774	20240	0	0.00	0	0	0	0	0
scaffold_775	20162	0	0.00	0	0	0	0	0
scaffold_776	20017	0	0.00	0	0	0	0	0
scaffold_777	20001	0	0.00	0	0	0	0	0
scaffold_778	19967	0	0.00	0	0	0	0	0
scaffold_779	19961	0	0.00	0	0	0	0	0
scaffold_78	142037	0	0.00	0	0	0	0	0
scaffold_780	19943	0	0.00	0	0	0	0	0
scaffold_781	19925	0	0.00	0	0	0	0	0
scaffold_782	19916	2	0.10	1	0	1	0	0
scaffold_783	19909	0	0.00	0	0	0	0	0
scaffold_784	19851	0	0.00	0	0	0	0	0
scaffold_785	19844	0	0.00	0	0	0	0	0
scaffold_786	19837	0	0.00	0	0	0	0	0
scaffold_787	19799	0	0.00	0	0	0	0	0
scaffold_788	19763	0	0.00	0	0	0	0	0
scaffold_789	19704	0	0.00	0	0	0	0	0
scaffold_79	141831	2	0.01	1	0	1	0	0
scaffold_790	19651	0	0.00	0	0	0	0	0
scaffold_791	19578	0	0.00	0	0	0	0	0
scaffold_792	19576	0	0.00	0	0	0	0	0
scaffold_793	19548	0	0.00	0	0	0	0	0
scaffold_794	19482	0	0.00	0	0	0	0	0
scaffold_795	19481	0	0.00	0	0	0	0	0
scaffold_796	19475	0	0.00	0	0	0	0	0
scaffold_797	19469	0	0.00	0	0	0	0	0
scaffold_798	19423	0	0.00	0	0	0	0	0
scaffold_799	19303	0	0.00	0	0	0	0	0
scaffold_8	286181	0	0.00	0	0	0	0	0
scaffold_80	139701	0	0.00	0	0	0	0	0
scaffold_800	19282	0	0.00	0	0	0	0	0
scaffold_801	19272	0	0.00	0	0	0	0	0
scaffold_802	19258	0	0.00	0	0	0	0	0
scaffold_803	19223	0	0.00	0	0	0	0	0
scaffold_804	19214	0	0.00	0	0	0	0	0
scaffold_805	19121	0	0.00	0	0	0	0	0
scaffold_806	19113	2	0.10	1	0	1	0	0
scaffold_807	19101	0	0.00	0	0	0	0	0
scaffold_808	19063	0	0.00	0	0	0	0	0
scaffold_809	19001	0	0.00	0	0	0	0	0
scaffold_81	138844	0	0.00	0	0	0	0	0
scaffold_810	18877	0	0.00	0	0	0	0	0
scaffold_811	18846	0	0.00	0	0	0	0	0
scaffold_812	18786	0	0.00	0	0	0	0	0
scaffold_813	18547	0	0.00	0	0	0	0	0
scaffold_814	18534	0	0.00	0	0	0	0	0
scaffold_815	18417	0	0.00	0	0	0	0	0
scaffold_816	18411	0	0.00	0	0	0	0	0
scaffold_817	18391	0	0.00	0	0	0	0	0
scaffold_818	18382	0	0.00	0	0	0	0	0
scaffold_819	18356	0	0.00	0	0	0	0	0
scaffold_82	134868	12	0.09	6	0	6	0	0
scaffold_820	18300	0	0.00	0	0	0	0	0
scaffold_821	18229	0	0.00	0	0	0	0	0
scaffold_822	18138	0	0.00	0	0	0	0	0
scaffold_823	18103	0	0.00	0	0	0	0	0
scaffold_824	18071	6	0.33	3	0	3	0	0
scaffold_825	18032	0	0.00	0	0	0	0	0
scaffold_826	18010	0	0.00	0	0	0	0	0
scaffold_827	17963	0	0.00	0	0	0	0	0
scaffold_828	17943	0	0.00	0	0	0	0	0
scaffold_829	17910	0	0.00	0	0	0	0	0
scaffold_83	134825	6	0.04	3	0	3	0	0
scaffold_830	17841	0	0.00	0	0	0	0	0
scaffold_831	17822	0	0.00	0	0	0	0	0
scaffold_832	17796	0	0.00	0	0	0	0	0
scaffold_833	17780	0	0.00	0	0	0	0	0
scaffold_834	17769	12	0.68	6	0	4	2	2.00
scaffold_835	17762	0	0.00	0	0	0	0	0
scaffold_836	17718	0	0.00	0	0	0	0	0
scaffold_837	17697	0	0.00	0	0	0	0	0
scaffold_838	17672	0	0.00	0	0	0	0	0
scaffold_839	17671	2	0.11	1	0	1	0	0
scaffold_84	134399	0	0.00	0	0	0	0	0
scaffold_840	17592	0	0.00	0	0	0	0	0
scaffold_841	17553	0	0.00	0	0	0	0	0
scaffold_842	17529	0	0.00	0	0	0	0	0
scaffold_843	17527	2	0.11	1	0	1	0	0
scaffold_844	17467	0	0.00	0	0	0	0	0
scaffold_845	17440	0	0.00	0	0	0	0	0
scaffold_846	17419	12	0.69	6	0	5	1	5.00
scaffold_847	17419	0	0.00	0	0	0	0	0
scaffold_848	17299	0	0.00	0	0	0	0	0
scaffold_849	17148	0	0.00	0	0	0	0	0
scaffold_85	133131	0	0.00	0	0	0	0	0
scaffold_850	17053	0	0.00	0	0	0	0	0
scaffold_851	17020	0	0.00	0	0	0	0	0
scaffold_852	16993	0	0.00	0	0	0	0	0
scaffold_853	16901	0	0.00	0	0	0	0	0
scaffold_854	16899	0	0.00	0	0	0	0	0
scaffold_855	16829	0	0.00	0	0	0	0	0
scaffold_856	16793	0	0.00	0	0	0	0	0
scaffold_857	16771	0	0.00	0	0	0	0	0
scaffold_858	16672	0	0.00	0	0	0	0	0
scaffold_859	16606	0	0.00	0	0	0	0	0
scaffold_86	133124	0	0.00	0	0	0	0	0
scaffold_860	16570	0	0.00	0	0	0	0	0
scaffold_861	16560	0	0.00	0	0	0	0	0
scaffold_862	16559	4	0.24	2	0	2	0	0
scaffold_863	16540	12	0.73	6	0	5	1	5.00
scaffold_864	16502	0	0.00	0	0	0	0	0
scaffold_865	16480	0	0.00	0	0	0	0	0
scaffold_866	16465	0	0.00	0	0	0	0	0
scaffold_867	16421	0	0.00	0	0	0	0	0
scaffold_868	16402	0	0.00	0	0	0	0	0
scaffold_869	16399	0	0.00	0	0	0	0	0
scaffold_87	131783	0	0.00	0	0	0	0	0
scaffold_870	16367	0	0.00	0	0	0	0	0
scaffold_871	16312	0	0.00	0	0	0	0	0
scaffold_872	16256	0	0.00	0	0	0	0	0
scaffold_873	16246	0	0.00	0	0	0	0	0
scaffold_874	16184	0	0.00	0	0	0	0	0
scaffold_875	16097	10	0.62	5	0	4	1	4.00
scaffold_876	16055	0	0.00	0	0	0	0	0
scaffold_877	16043	0	0.00	0	0	0	0	0
scaffold_878	16022	0	0.00	0	0	0	0	0
scaffold_879	16012	0	0.00	0	0	0	0	0
scaffold_88	131147	4	0.03	2	0	2	0	0
scaffold_880	15937	0	0.00	0	0	0	0	0
scaffold_881	15925	0	0.00	0	0	0	0	0
scaffold_882	15918	0	0.00	0	0	0	0	0
scaffold_883	15915	0	0.00	0	0	0	0	0
scaffold_884	15801	0	0.00	0	0	0	0	0
scaffold_885	15743	0	0.00	0	0	0	0	0
scaffold_886	15616	0	0.00	0	0	0	0	0
scaffold_887	15594	0	0.00	0	0	0	0	0
scaffold_888	15583	0	0.00	0	0	0	0	0
scaffold_889	15565	0	0.00	0	0	0	0	0
scaffold_89	130902	0	0.00	0	0	0	0	0
scaffold_890	15562	2	0.13	1	0	1	0	0
scaffold_891	15495	0	0.00	0	0	0	0	0
scaffold_892	15490	0	0.00	0	0	0	0	0
scaffold_893	15445	0	0.00	0	0	0	0	0
scaffold_894	15438	0	0.00	0	0	0	0	0
scaffold_895	15399	0	0.00	0	0	0	0	0
scaffold_896	15263	0	0.00	0	0	0	0	0
scaffold_897	15229	0	0.00	0	0	0	0	0
scaffold_898	15188	0	0.00	0	0	0	0	0
scaffold_899	15154	0	0.00	0	0	0	0	0
scaffold_9	269477	148	0.55	74	0	49	25	1.96
scaffold_90	130751	28	0.21	14	0	9	5	1.80
scaffold_900	15112	0	0.00	0	0	0	0	0
scaffold_901	15080	0	0.00	0	0	0	0	0
scaffold_902	15077	0	0.00	0	0	0	0	0
scaffold_903	15003	0	0.00	0	0	0	0	0
scaffold_904	15002	0	0.00	0	0	0	0	0
scaffold_905	14993	0	0.00	0	0	0	0	0
scaffold_906	14987	0	0.00	0	0	0	0	0
scaffold_907	14981	0	0.00	0	0	0	0	0
scaffold_908	14945	0	0.00	0	0	0	0	0
scaffold_909	14882	0	0.00	0	0	0	0	0
scaffold_91	130100	2	0.02	1	0	1	0	0
scaffold_910	14826	0	0.00	0	0	0	0	0
scaffold_911	14732	0	0.00	0	0	0	0	0
scaffold_912	14695	0	0.00	0	0	0	0	0
scaffold_913	14626	0	0.00	0	0	0	0	0
scaffold_914	14602	0	0.00	0	0	0	0	0
scaffold_915	14594	0	0.00	0	0	0	0	0
scaffold_916	14548	0	0.00	0	0	0	0	0
scaffold_917	14538	0	0.00	0	0	0	0	0
scaffold_918	14495	0	0.00	0	0	0	0	0
scaffold_919	14449	0	0.00	0	0	0	0	0
scaffold_92	130068	0	0.00	0	0	0	0	0
scaffold_920	14412	0	0.00	0	0	0	0	0
scaffold_921	14387	0	0.00	0	0	0	0	0
scaffold_922	14352	0	0.00	0	0	0	0	0
scaffold_923	14317	0	0.00	0	0	0	0	0
scaffold_924	14268	0	0.00	0	0	0	0	0
scaffold_925	14229	0	0.00	0	0	0	0	0
scaffold_926	14190	0	0.00	0	0	0	0	0
scaffold_927	14164	0	0.00	0	0	0	0	0
scaffold_928	14028	0	0.00	0	0	0	0	0
scaffold_929	14023	2	0.14	1	0	1	0	0
scaffold_93	129525	26	0.20	13	0	10	3	3.33
scaffold_930	13973	0	0.00	0	0	0	0	0
scaffold_931	13919	0	0.00	0	0	0	0	0
scaffold_932	13877	0	0.00	0	0	0	0	0
scaffold_933	13846	8	0.58	4	0	3	1	3.00
scaffold_934	13790	0	0.00	0	0	0	0	0
scaffold_935	13770	0	0.00	0	0	0	0	0
scaffold_936	13749	0	0.00	0	0	0	0	0
scaffold_937	13708	0	0.00	0	0	0	0	0
scaffold_938	13690	2	0.15	1	0	1	0	0
scaffold_939	13687	0	0.00	0	0	0	0	0
scaffold_94	129277	0	0.00	0	0	0	0	0
scaffold_940	13644	0	0.00	0	0	0	0	0
scaffold_941	13601	0	0.00	0	0	0	0	0
scaffold_942	13568	0	0.00	0	0	0	0	0
scaffold_943	13562	0	0.00	0	0	0	0	0
scaffold_944	13545	6	0.44	3	0	3	0	0
scaffold_945	13536	0	0.00	0	0	0	0	0
scaffold_946	13512	0	0.00	0	0	0	0	0
scaffold_947	13509	0	0.00	0	0	0	0	0
scaffold_948	13466	0	0.00	0	0	0	0	0
scaffold_949	13399	0	0.00	0	0	0	0	0
scaffold_95	128559	0	0.00	0	0	0	0	0
scaffold_950	13399	0	0.00	0	0	0	0	0
scaffold_951	13398	0	0.00	0	0	0	0	0
scaffold_952	13374	0	0.00	0	0	0	0	0
scaffold_953	13329	0	0.00	0	0	0	0	0
scaffold_954	13321	0	0.00	0	0	0	0	0
scaffold_955	13317	0	0.00	0	0	0	0	0
scaffold_956	13303	0	0.00	0	0	0	0	0
scaffold_957	13274	0	0.00	0	0	0	0	0
scaffold_958	13263	0	0.00	0	0	0	0	0
scaffold_959	13246	0	0.00	0	0	0	0	0
scaffold_96	127237	0	0.00	0	0	0	0	0
scaffold_960	13213	0	0.00	0	0	0	0	0
scaffold_961	13188	0	0.00	0	0	0	0	0
scaffold_962	13167	0	0.00	0	0	0	0	0
scaffold_963	13158	0	0.00	0	0	0	0	0
scaffold_964	13145	0	0.00	0	0	0	0	0
scaffold_965	13077	14	1.07	7	0	4	3	1.33
scaffold_966	13031	0	0.00	0	0	0	0	0
scaffold_967	13016	0	0.00	0	0	0	0	0
scaffold_968	12971	0	0.00	0	0	0	0	0
scaffold_969	12942	0	0.00	0	0	0	0	0
scaffold_97	125981	0	0.00	0	0	0	0	0
scaffold_970	12887	0	0.00	0	0	0	0	0
scaffold_971	12868	0	0.00	0	0	0	0	0
scaffold_972	12855	0	0.00	0	0	0	0	0
scaffold_973	12771	0	0.00	0	0	0	0	0
scaffold_974	12760	0	0.00	0	0	0	0	0
scaffold_975	12738	0	0.00	0	0	0	0	0
scaffold_976	12693	0	0.00	0	0	0	0	0
scaffold_977	12654	6	0.47	3	0	3	0	0
scaffold_978	12641	0	0.00	0	0	0	0	0
scaffold_979	12613	0	0.00	0	0	0	0	0
scaffold_98	120408	0	0.00	0	0	0	0	0
scaffold_980	12600	0	0.00	0	0	0	0	0
scaffold_981	12592	0	0.00	0	0	0	0	0
scaffold_982	12549	0	0.00	0	0	0	0	0
scaffold_983	12492	0	0.00	0	0	0	0	0
scaffold_984	12431	0	0.00	0	0	0	0	0
scaffold_985	12414	0	0.00	0	0	0	0	0
scaffold_986	12407	0	0.00	0	0	0	0	0
scaffold_987	12251	0	0.00	0	0	0	0	0
scaffold_988	12245	6	0.49	3	0	3	0	0
scaffold_989	12234	0	0.00	0	0	0	0	0
scaffold_99	120269	2	0.02	1	0	1	0	0
scaffold_990	12210	0	0.00	0	0	0	0	0
scaffold_991	12209	0	0.00	0	0	0	0	0
scaffold_992	12159	0	0.00	0	0	0	0	0
scaffold_993	12090	0	0.00	0	0	0	0	0
scaffold_994	12070	0	0.00	0	0	0	0	0
scaffold_995	12030	0	0.00	0	0	0	0	0
scaffold_996	11955	0	0.00	0	0	0	0	0
scaffold_997	11883	0	0.00	0	0	0	0	0
scaffold_998	11844	0	0.00	0	0	0	0	0
scaffold_999	11812	0	0.00	0	0	0	0	0
Totals	60568322	1930	0.03	965	0	706	259	2.73
